Node,Full_Bandwidth,Average_Delay_Time_Per_Sec,Packet Size_Byte,Packet_Transmitted,Packet_lost,Transmitted_Byte,AVG-Drop-Rate,AVG-Bandwith-Use,Node Status,Flood Status,Class
9,900,0.000406,1440,81276,37843,117037440,0.35852,0.466776,P NB,0.136238,NB-Wait
9,900,0.000406,1440,81276,37843,117037440,0.35852,0.466776,P NB,0.136238,NB-Wait
9,900,0.000406,1440,81276,37843,117037440,0.35852,0.466776,P NB,0.136238,NB-Wait
9,900,0.000406,1440,81276,37843,117037440,0.35852,0.466776,P NB,0.136238,NB-Wait
9,900,0.000406,1440,81276,37843,117037440,0.35852,0.466776,P NB,0.136238,NB-Wait
3,900,0.000409,1440,81276,40738,117037440,0.405997,0.455771,NB,0.357277,Block
3,900,0.000409,1440,81276,40738,117037440,0.405997,0.455771,NB,0.357277,Block
3,900,0.000409,1440,81276,40738,117037440,0.405997,0.455771,NB,0.357277,Block
3,900,0.000409,1440,81276,40738,117037440,0.405997,0.455771,NB,0.357277,Block
3,900,0.000409,1440,81276,40738,117037440,0.405997,0.455771,NB,0.357277,Block
?,900,0.000409,1440,81276,13687,117037440,0.136405,0.819189,?,?,No Block
3,900,0.000409,1440,81276,13687,117037440,0.133037,0.810744,B,?,No Block
3,900,0.000409,1440,81276,13687,117037440,0.136405,0.819189,B,?,No Block
3,900,0.000409,1440,81276,13687,117037440,0.133037,0.810744,B,?,No Block
3,900,0.000409,1440,81276,13687,117037440,0.136405,0.819189,B,?,No Block
3,900,0.000409,1440,81276,13687,117037440,0.133037,0.810744,B,?,No Block
3,900,0.000409,1440,81276,13687,117037440,0.136405,0.819189,B,?,No Block
3,900,0.000409,1440,81276,13687,117037440,0.133037,0.810744,B,?,No Block
3,900,0.000409,1440,81276,13687,117037440,0.136405,0.819189,B,?,No Block
3,900,0.000409,1440,81276,13687,117037440,0.133037,0.810744,B,?,No Block
3,900,0.00041,1440,81276,36121,117037440,0.306653,0.502238,P NB,0.073597,NB-Wait
3,900,0.00041,1440,81276,36121,117037440,0.306653,0.502238,P NB,0.073597,NB-Wait
3,900,0.00041,1440,81276,36121,117037440,0.306653,0.502238,P NB,0.073597,NB-Wait
3,900,0.00041,1440,81276,36121,117037440,0.306653,0.502238,P NB,0.073597,NB-Wait
3,900,0.00041,1440,81276,36121,117037440,0.306653,0.502238,P NB,0.073597,NB-Wait
?,800,0.00041,1440,72228,24509,104008320,0.254496,0.644112,B,0.050899,NB-Wait
3,800,0.00041,1440,72228,24509,104008320,0.254496,0.644112,B,0.050899,NB-Wait
3,800,0.00041,1440,72228,24509,104008320,0.254496,0.644112,B,0.050899,NB-Wait
3,800,0.00041,1440,72228,24509,104008320,0.254496,0.644112,B,0.050899,NB-Wait
3,800,0.00041,1440,72228,24509,104008320,0.254496,0.644112,B,0.050899,NB-Wait
3,900,0.000412,1440,81276,58712,117037440,0.53456,0.248116,NB,0.416957,Block
3,900,0.000412,1440,81276,58712,117037440,0.53456,0.248116,NB,0.416957,Block
3,900,0.000412,1440,81276,58712,117037440,0.53456,0.248116,NB,0.416957,Block
3,900,0.000412,1440,81276,58712,117037440,0.53456,0.248116,NB,0.416957,Block
3,900,0.000412,1440,81276,58712,117037440,0.53456,0.248116,NB,0.416957,Block
?,800,0.000414,1440,72228,53930,104008320,0.612264,0.223865,NB,0.465321,Block
?,800,0.000414,1440,72228,53930,104008320,0.612264,0.223865,NB,0.465321,Block
?,800,0.000414,1440,72228,53930,104008320,0.612264,0.223865,NB,0.465321,Block
9,800,0.000414,1440,72228,53930,104008320,0.612264,0.223865,NB,0.465321,Block
9,800,0.000414,1440,72228,53930,104008320,0.612264,0.223865,NB,0.465321,Block
3,900,0.000414,1440,81276,27167,117037440,0.217266,0.655817,B,0.036935,NB-No Block
3,900,0.000414,1440,81276,27167,117037440,0.217266,0.655817,B,0.036935,NB-No Block
3,900,0.000414,1440,81276,27167,117037440,0.217266,0.655817,B,0.036935,NB-No Block
3,900,0.000414,1440,81276,27167,117037440,0.217266,0.655817,B,0.036935,NB-No Block
3,900,0.000414,1440,81276,27167,117037440,0.217266,0.655817,?,0.036935,NB-No Block
3,800,0.000418,1440,72228,48434,104008320,0.536457,0.294451,NB,0.30578,NB-Wait
3,800,0.000418,1440,72228,48434,104008320,0.536457,0.294451,NB,0.30578,NB-Wait
3,800,0.000418,1440,72228,48434,104008320,0.536457,0.294451,NB,0.30578,NB-Wait
3,800,0.000418,1440,72228,48434,104008320,0.536457,0.294451,NB,0.30578,NB-Wait
3,800,0.000418,1440,72228,48434,104008320,0.536457,0.294451,NB,0.30578,NB-Wait
3,800,0.000418,1440,72228,41976,104008320,0.488174,0.361546,NB,0.302668,NB-Wait
3,800,0.000418,1440,72228,41976,104008320,0.488174,0.361546,NB,0.302668,NB-Wait
3,800,0.000418,1440,72228,41976,104008320,0.488174,0.361546,NB,0.302668,NB-Wait
3,800,0.000418,1440,72228,41976,104008320,0.488174,0.361546,NB,0.302668,NB-Wait
3,800,0.000418,1440,72228,41976,104008320,0.488174,0.361546,NB,0.302668,NB-Wait
3,700,0.000418,1440,63284,21266,91128960,0.278914,0.654734,P NB,0.092042,NB-No Block
3,700,0.000418,1440,63284,21266,91128960,0.278914,0.654734,P NB,0.092042,NB-No Block
3,700,0.000418,1440,63284,21266,91128960,0.278914,0.654734,P NB,0.092042,NB-No Block
3,700,0.000418,1440,63284,21266,91128960,0.278914,0.654734,P NB,0.092042,NB-No Block
3,700,0.000418,1440,63284,21266,91128960,0.278914,0.654734,P NB,0.092042,NB-No Block
3,800,0.000419,1440,72228,32280,104008320,0.290497,0.499912,P NB,0.110389,NB-No Block
3,800,0.000419,1440,72228,32280,104008320,0.290497,0.499912,P NB,0.110389,NB-No Block
3,800,0.000419,1440,72228,32280,104008320,0.290497,0.499912,P NB,0.110389,NB-No Block
3,800,0.000419,1440,72228,32280,104008320,0.290497,0.499912,P NB,0.110389,NB-No Block
3,800,0.000419,1440,72228,32280,104008320,0.290497,0.499912,P NB,0.110389,NB-No Block
?,700,0.000419,1440,63284,13950,91128960,0.185165,0.776664,B,0.037033,NB-No Block
3,700,0.000419,1440,63284,13950,91128960,0.185165,0.776664,B,0.037033,NB-No Block
3,700,0.000419,1440,63284,13950,91128960,0.185165,0.776664,B,0.037033,NB-No Block
3,700,0.000419,1440,63284,13950,91128960,0.185165,0.776664,B,0.037033,NB-No Block
3,700,0.000419,1440,63284,13950,91128960,0.185165,0.776664,B,0.037033,NB-No Block
3,800,0.00042,1440,72228,52438,104008320,0.508205,0.244901,NB,0.391318,Block
3,800,0.00042,1440,72228,52438,104008320,0.508205,0.244901,NB,0.391318,Block
3,800,0.00042,1440,72228,52438,104008320,0.508205,0.244901,NB,0.391318,Block
3,800,0.00042,1440,72228,52438,104008320,0.508205,0.244901,NB,0.391318,Block
3,800,0.00042,1440,72228,52438,104008320,0.508205,0.244901,NB,0.391318,Block
?,700,0.00042,1440,63284,46727,91128960,0.561161,0.231432,NB,0.432094,Block
?,700,0.00042,1440,63284,46727,91128960,0.561161,0.231432,NB,0.432094,Block
?,700,0.00042,1440,63284,46727,91128960,0.561161,0.231432,NB,0.432094,Block
9,700,0.00042,1440,63284,46727,91128960,0.561161,0.231432,NB,0.432094,Block
9,700,0.00042,1440,63284,46727,91128960,0.561161,0.231432,NB,0.432094,Block
3,600,0.000421,1440,54184,30158,78024960,0.378478,0.400934,P NB,0.128682,NB-Wait
3,600,0.000421,1440,54184,30158,78024960,0.378478,0.400934,P NB,0.128682,NB-Wait
3,600,0.000421,1440,54184,30158,78024960,0.378478,0.400934,P NB,0.128682,NB-Wait
3,600,0.000421,1440,54184,30158,78024960,0.378478,0.400934,P NB,0.128682,NB-Wait
3,600,0.000421,1440,54184,30158,78024960,0.378478,0.400934,P NB,0.128682,NB-Wait
3,700,0.000421,1440,63284,25233,91128960,0.307019,0.519517,P NB,0.092106,NB-No Block
3,700,0.000421,1440,63284,25233,91128960,0.307019,0.519517,P NB,0.092106,NB-No Block
3,700,0.000421,1440,63284,25233,91128960,0.307019,0.519517,P NB,0.092106,NB-No Block
3,700,0.000421,1440,63284,25233,91128960,0.307019,0.519517,P NB,0.092106,NB-No Block
3,700,0.000421,1440,63284,25233,91128960,0.307019,0.519517,P NB,0.092106,NB-No Block
9,600,0.000421,1440,54184,6224,78024960,0.09534,0.8811,B,?,No Block
?,600,0.000421,1440,54184,6224,78024960,0.09534,0.8811,B,?,No Block
?,600,0.000421,1440,54184,6224,78024960,0.09534,0.8811,B,?,No Block
?,600,0.000421,1440,54184,6224,78024960,0.09534,0.8811,B,?,No Block
?,600,0.000421,1440,54184,6224,78024960,0.09534,0.8811,?,?,No Block
3,700,0.000422,1440,63284,32164,91128960,0.376104,0.430883,P NB,0.142919,NB-Wait
3,700,0.000422,1440,63284,32164,91128960,0.376104,0.430883,P NB,0.142919,NB-Wait
3,700,0.000422,1440,63284,32164,91128960,0.376104,0.430883,P NB,0.142919,NB-Wait
3,700,0.000422,1440,63284,32164,91128960,0.376104,0.430883,P NB,0.142919,NB-Wait
3,700,0.000422,1440,63284,32164,91128960,0.376104,0.430883,P NB,0.142919,NB-Wait
3,500,0.000422,1440,45188,28064,65070720,0.447156,0.339055,NB,0.415855,Block
3,500,0.000422,1440,45188,28064,65070720,0.447156,0.339055,NB,0.415855,Block
3,500,0.000422,1440,45188,28064,65070720,0.447156,0.339055,NB,0.415855,Block
3,500,0.000422,1440,45188,28064,65070720,0.447156,0.339055,NB,0.415855,Block
3,500,0.000422,1440,45188,28064,65070720,0.447156,0.339055,NB,0.415855,Block
3,700,0.000423,1440,63284,36437,91128960,0.443343,0.375113,NB,0.230538,NB-Wait
3,700,0.000423,1440,63284,36437,91128960,0.443343,0.375113,NB,0.230538,NB-Wait
3,700,0.000423,1440,63284,36437,91128960,0.443343,0.375113,NB,0.230538,NB-Wait
3,700,0.000423,1440,63284,36437,91128960,0.443343,0.375113,NB,0.230538,NB-Wait
3,700,0.000423,1440,63284,36437,91128960,0.443343,0.375113,NB,0.230538,NB-Wait
3,700,0.000423,1440,63284,6495,91128960,0.08108,0.86671,B,?,No Block
3,700,0.000423,1440,63284,6495,91128960,0.08108,0.86671,B,?,No Block
3,700,0.000423,1440,63284,6495,91128960,0.08108,0.86671,B,?,No Block
3,700,0.000423,1440,63284,6495,91128960,0.08108,0.86671,B,?,No Block
3,700,0.000423,1440,63284,6495,91128960,0.08108,0.86671,B,?,No Block
?,600,0.000424,1440,54184,35563,78024960,0.557887,0.314111,NB,0.457467,Block
?,600,0.000424,1440,54184,35563,78024960,0.557887,0.314111,NB,0.457467,Block
?,600,0.000424,1440,54184,35563,78024960,0.557887,0.314111,NB,0.457467,Block
9,600,0.000424,1440,54184,35563,78024960,0.557887,0.314111,NB,0.457467,Block
9,600,0.000424,1440,54184,35563,78024960,0.557887,0.314111,NB,0.457467,Block
9,600,0.000424,1440,54184,29194,78024960,0.371768,0.417021,P NB,0.092942,NB-Wait
9,600,0.000424,1440,54184,29194,78024960,0.371768,0.417021,P NB,0.092942,NB-Wait
9,600,0.000424,1440,54184,29194,78024960,0.371768,0.417021,P NB,0.092942,NB-Wait
9,600,0.000424,1440,54184,29194,78024960,0.371768,0.417021,P NB,0.092942,NB-Wait
9,600,0.000424,1440,54184,29194,78024960,0.371768,0.417021,P NB,0.092942,NB-Wait
9,700,0.000425,1440,63284,30778,91128960,0.398805,0.464823,P NB,0.099701,NB-No Block
9,700,0.000425,1440,63284,30778,91128960,0.398805,0.464823,P NB,0.099701,NB-No Block
9,700,0.000425,1440,63284,30778,91128960,0.398805,0.464823,P NB,0.099701,NB-No Block
9,700,0.000425,1440,63284,30778,91128960,0.398805,0.464823,P NB,0.099701,NB-No Block
9,700,0.000425,1440,63284,30778,91128960,0.398805,0.464823,P NB,0.099701,NB-No Block
9,600,0.000426,1440,54184,24754,78024960,0.301521,0.469009,P NB,0.117593,NB-Wait
9,600,0.000426,1440,54184,24754,78024960,0.301521,0.469009,P NB,0.117593,NB-Wait
9,600,0.000426,1440,54184,24754,78024960,0.301521,0.469009,P NB,0.117593,NB-Wait
9,600,0.000426,1440,54184,24754,78024960,0.301521,0.469009,P NB,0.117593,NB-Wait
9,600,0.000426,1440,54184,24754,78024960,0.301521,0.469009,P NB,0.117593,NB-Wait
?,600,0.000426,1440,54184,12774,78024960,0.181529,0.737509,?,0.005446,NB-No Block
3,600,0.000426,1440,54184,12774,78024960,0.181529,0.737509,B,0.005446,NB-No Block
3,600,0.000426,1440,54184,12774,78024960,0.181529,0.737509,B,0.005446,NB-No Block
3,600,0.000426,1440,54184,12774,78024960,0.181529,0.737509,B,0.005446,NB-No Block
3,600,0.000426,1440,54184,12774,78024960,0.181529,0.737509,B,0.005446,NB-No Block
3,200,0.000426,1440,18096,7012,26058240,0.321616,0.529619,P NB,0.093269,NB-No Block
3,200,0.000426,1440,18096,7012,26058240,0.290617,0.560773,P NB,0.063936,NB-No Block
3,200,0.000426,1440,18096,7012,26058240,0.321616,0.529619,P NB,0.093269,NB-No Block
3,200,0.000426,1440,18096,7012,26058240,0.290617,0.560773,P NB,0.063936,NB-No Block
3,200,0.000426,1440,18096,7012,26058240,0.321616,0.529619,P NB,0.093269,NB-No Block
3,200,0.000426,1440,18096,7012,26058240,0.290617,0.560773,P NB,0.063936,NB-No Block
3,200,0.000426,1440,18096,7012,26058240,0.321616,0.529619,P NB,0.093269,NB-No Block
3,200,0.000426,1440,18096,7012,26058240,0.290617,0.560773,P NB,0.063936,NB-No Block
3,200,0.000426,1440,18096,7012,26058240,0.321616,0.529619,P NB,0.093269,NB-No Block
3,200,0.000426,1440,18096,7012,26058240,0.290617,0.560773,P NB,0.063936,NB-No Block
3,400,0.000427,1440,36140,22465,52041600,0.435127,0.326918,?,0.30894,NB-Wait
3,400,0.000427,1440,36140,22465,52041600,0.435127,0.326918,?,0.30894,NB-Wait
3,400,0.000427,1440,36140,22465,52041600,0.435127,0.326918,NB,0.30894,NB-Wait
3,400,0.000427,1440,36140,22465,52041600,0.435127,0.326918,NB,0.30894,NB-Wait
3,400,0.000427,1440,36140,22465,52041600,0.435127,0.326918,NB,0.30894,NB-Wait
3,600,0.000427,1440,54184,18029,78024960,0.272844,0.657442,?,0.057297,NB-No Block
3,600,0.000427,1440,54184,18029,78024960,0.272844,0.657442,P NB,0.057297,NB-No Block
3,600,0.000427,1440,54184,18029,78024960,0.272844,0.657442,P NB,0.057297,NB-No Block
3,600,0.000427,1440,54184,18029,78024960,0.272844,0.657442,P NB,0.057297,NB-No Block
3,600,0.000427,1440,54184,18029,78024960,0.272844,0.657442,P NB,0.057297,NB-No Block
3,400,0.000428,1440,36140,16310,52041600,0.374579,0.479469,P NB,0.112374,NB-Wait
3,400,0.000428,1440,36140,16310,52041600,0.374579,0.479469,P NB,0.112374,NB-Wait
3,400,0.000428,1440,36140,16310,52041600,0.374579,0.479469,P NB,0.112374,NB-Wait
3,400,0.000428,1440,36140,16310,52041600,0.374579,0.479469,P NB,0.112374,NB-Wait
3,400,0.000428,1440,36140,16310,52041600,0.374579,0.479469,P NB,0.112374,NB-Wait
3,600,0.000428,1440,54184,7497,78024960,0.101004,0.857745,B,?,No Block
3,600,0.000428,1440,54184,7497,78024960,0.102388,0.848993,B,?,No Block
3,600,0.000428,1440,54184,7497,78024960,0.101004,0.857745,B,?,No Block
3,600,0.000428,1440,54184,7497,78024960,0.102388,0.848993,B,?,No Block
3,600,0.000428,1440,54184,7497,78024960,0.101004,0.857745,B,?,No Block
3,600,0.000428,1440,54184,7497,78024960,0.102388,0.848993,B,?,No Block
3,600,0.000428,1440,54184,7497,78024960,0.101004,0.857745,B,?,No Block
3,600,0.000428,1440,54184,7497,78024960,0.102388,0.848993,B,?,No Block
3,600,0.000428,1440,54184,7497,78024960,0.101004,0.857745,B,?,No Block
3,600,0.000428,1440,54184,7497,78024960,0.102388,0.848993,B,?,No Block
3,600,0.00043,1440,54184,24006,78024960,0.350006,0.486524,P NB,0.084002,NB-Wait
3,600,0.00043,1440,54184,24006,78024960,0.350006,0.486524,P NB,0.084002,NB-Wait
3,600,0.00043,1440,54184,24006,78024960,0.350006,0.486524,P NB,0.084002,NB-Wait
3,600,0.00043,1440,54184,24006,78024960,0.350006,0.486524,P NB,0.084002,NB-Wait
3,600,0.00043,1440,54184,24006,78024960,0.350006,0.486524,P NB,0.084002,NB-Wait
3,300,0.00043,1440,27092,17558,39012480,0.505509,0.314622,NB,0.272975,NB-Wait
3,300,0.00043,1440,27092,17558,39012480,0.505509,0.314622,NB,0.272975,NB-Wait
3,300,0.00043,1440,27092,17558,39012480,0.505509,0.314622,NB,0.272975,NB-Wait
3,300,0.00043,1440,27092,17558,39012480,0.505509,0.314622,NB,0.272975,NB-Wait
3,300,0.00043,1440,27092,17558,39012480,0.505509,0.314622,NB,0.272975,NB-Wait
3,400,0.000432,1440,36140,13136,52041600,0.283511,0.575644,P NB,0.104899,NB-No Block
3,400,0.000432,1440,36140,13136,52041600,0.283511,0.575644,P NB,0.104899,NB-No Block
3,400,0.000432,1440,36140,13136,52041600,0.283511,0.575644,P NB,0.104899,NB-No Block
3,400,0.000432,1440,36140,13136,52041600,0.283511,0.575644,P NB,0.104899,NB-No Block
3,400,0.000432,1440,36140,13136,52041600,0.283511,0.575644,P NB,0.104899,NB-No Block
3,400,0.000433,1440,36140,23928,52041600,0.536294,0.29869,NB,0.332503,NB-Wait
3,400,0.000433,1440,36140,23928,52041600,0.536294,0.29869,NB,0.332503,NB-Wait
3,400,0.000433,1440,36140,23928,52041600,0.536294,0.29869,NB,0.332503,NB-Wait
3,400,0.000433,1440,36140,23928,52041600,0.536294,0.29869,NB,0.332503,NB-Wait
3,400,0.000433,1440,36140,23928,52041600,0.536294,0.29869,NB,0.332503,NB-Wait
9,700,0.000433,1440,63284,8497,91128960,0.081105,0.875772,B,?,No Block
?,700,0.000433,1440,63284,8497,91128960,0.081105,0.875772,B,?,No Block
?,700,0.000433,1440,63284,8497,91128960,0.081105,0.875772,B,?,No Block
?,700,0.000433,1440,63284,8497,91128960,0.081105,0.875772,B,?,No Block
?,700,0.000433,1440,63284,8497,91128960,0.081105,0.875772,?,?,No Block
3,600,0.000434,1440,54184,38712,78024960,0.492974,0.258156,NB,0.320433,NB-Wait
3,600,0.000434,1440,54184,38712,78024960,0.492974,0.258156,NB,0.320433,NB-Wait
3,600,0.000434,1440,54184,38712,78024960,0.492974,0.258156,NB,0.320433,NB-Wait
3,600,0.000434,1440,54184,38712,78024960,0.492974,0.258156,NB,0.320433,NB-Wait
3,600,0.000434,1440,54184,38712,78024960,0.492974,0.258156,NB,0.320433,NB-Wait
?,600,0.000434,1440,54184,33969,78024960,0.438844,0.322081,?,0.285248,NB-Wait
?,600,0.000434,1440,54184,33969,78024960,0.438844,0.322081,NB,0.285248,NB-Wait
?,600,0.000434,1440,54184,33969,78024960,0.438844,0.322081,NB,0.285248,NB-Wait
9,600,0.000434,1440,54184,33969,78024960,0.438844,0.322081,NB,0.285248,NB-Wait
9,600,0.000434,1440,54184,33969,78024960,0.438844,0.322081,NB,0.285248,NB-Wait
?,500,0.000434,1440,45188,10860,65070720,0.185054,0.748117,B,0.011103,NB-No Block
3,500,0.000434,1440,45188,10860,65070720,0.185054,0.748117,B,0.011103,NB-No Block
3,500,0.000434,1440,45188,10860,65070720,0.185054,0.748117,B,0.011103,NB-No Block
3,500,0.000434,1440,45188,10860,65070720,0.185054,0.748117,B,0.011103,NB-No Block
3,500,0.000434,1440,45188,10860,65070720,0.185054,0.748117,B,0.011103,NB-No Block
3,600,0.000436,1440,54184,34398,78024960,0.526915,0.330079,NB,0.500569,Block
3,600,0.000436,1440,54184,34398,78024960,0.526915,0.330079,NB,0.500569,Block
3,600,0.000436,1440,54184,34398,78024960,0.526915,0.330079,NB,0.500569,Block
3,600,0.000436,1440,54184,34398,78024960,0.526915,0.330079,NB,0.500569,Block
3,600,0.000436,1440,54184,34398,78024960,0.526915,0.330079,NB,0.500569,Block
3,600,0.000436,1440,54184,24864,78024960,0.367105,0.467256,P NB,0.146842,NB-No Block
3,600,0.000436,1440,54184,24864,78024960,0.367105,0.467256,P NB,0.146842,NB-No Block
3,600,0.000436,1440,54184,24864,78024960,0.367105,0.467256,P NB,0.146842,NB-No Block
3,600,0.000436,1440,54184,24864,78024960,0.367105,0.467256,P NB,0.146842,NB-No Block
3,600,0.000436,1440,54184,24864,78024960,0.367105,0.467256,P NB,0.146842,NB-No Block
3,500,0.000437,1440,45188,27579,65070720,0.427222,0.355813,NB,0.311872,NB-Wait
3,500,0.000437,1440,45188,27579,65070720,0.427222,0.355813,NB,0.311872,NB-Wait
3,500,0.000437,1440,45188,27579,65070720,0.427222,0.355813,NB,0.311872,NB-Wait
3,500,0.000437,1440,45188,27579,65070720,0.427222,0.355813,NB,0.311872,NB-Wait
3,500,0.000437,1440,45188,27579,65070720,0.427222,0.355813,NB,0.311872,NB-Wait
3,500,0.000438,1440,45188,20325,65070720,0.314851,0.486086,P NB,0.088158,NB-Wait
3,500,0.000438,1440,45188,20325,65070720,0.314851,0.486086,P NB,0.088158,NB-Wait
3,500,0.000438,1440,45188,20325,65070720,0.314851,0.486086,P NB,0.088158,NB-Wait
3,500,0.000438,1440,45188,20325,65070720,0.314851,0.486086,P NB,0.088158,NB-Wait
3,500,0.000438,1440,45188,20325,65070720,0.314851,0.486086,P NB,0.088158,NB-Wait
3,500,0.000438,1440,45188,17894,65070720,0.265313,0.545621,B,0.053063,NB-Wait
3,500,0.000438,1440,45188,17894,65070720,0.265313,0.545621,B,0.053063,NB-Wait
3,500,0.000438,1440,45188,17894,65070720,0.265313,0.545621,B,0.053063,NB-Wait
3,500,0.000438,1440,45188,17894,65070720,0.265313,0.545621,B,0.053063,NB-Wait
3,500,0.000438,1440,45188,17894,65070720,0.265313,0.545621,?,0.053063,NB-Wait
3,500,0.000443,1440,45188,6937,65070720,0.108995,0.850883,B,?,No Block
3,500,0.000443,1440,45188,6937,65070720,0.101319,0.816504,B,?,No Block
3,500,0.000443,1440,45188,6937,65070720,0.108995,0.850883,B,?,No Block
3,500,0.000443,1440,45188,6937,65070720,0.101319,0.816504,B,?,No Block
3,500,0.000443,1440,45188,6937,65070720,0.108995,0.850883,B,?,No Block
3,500,0.000443,1440,45188,6937,65070720,0.101319,0.816504,B,?,No Block
3,500,0.000443,1440,45188,6937,65070720,0.108995,0.850883,B,?,No Block
3,500,0.000443,1440,45188,6937,65070720,0.101319,0.816504,B,?,No Block
3,500,0.000443,1440,45188,6937,65070720,0.108995,0.850883,B,?,No Block
3,500,0.000443,1440,45188,6937,65070720,0.101319,0.816504,B,?,No Block
3,300,0.000445,1440,27092,16711,39012480,0.474955,0.342573,NB,0.327719,NB-Wait
3,300,0.000445,1440,27092,16711,39012480,0.474955,0.342573,NB,0.327719,NB-Wait
3,300,0.000445,1440,27092,16711,39012480,0.474955,0.342573,NB,0.327719,NB-Wait
3,300,0.000445,1440,27092,16711,39012480,0.474955,0.342573,NB,0.327719,NB-Wait
3,300,0.000445,1440,27092,16711,39012480,0.474955,0.342573,NB,0.327719,NB-Wait
3,300,0.000446,1440,27092,8776,39012480,0.265625,0.679982,B,0.013281,NB-Wait
3,300,0.000446,1440,27092,8776,39012480,0.265625,0.679982,B,0.013281,NB-Wait
3,300,0.000446,1440,27092,8776,39012480,0.265625,0.679982,B,0.013281,NB-Wait
3,300,0.000446,1440,27092,8776,39012480,0.265625,0.679982,B,0.013281,NB-Wait
3,300,0.000446,1440,27092,8776,39012480,0.265625,0.679982,?,0.013281,NB-Wait
9,700,0.000449,1440,63284,17475,91128960,0.215386,0.713896,B,0.043077,NB-No Block
?,700,0.000449,1440,63284,17475,91128960,0.215386,0.713896,B,0.043077,NB-No Block
?,700,0.000449,1440,63284,17475,91128960,0.215386,0.713896,B,0.043077,NB-No Block
?,700,0.000449,1440,63284,17475,91128960,0.215386,0.713896,B,0.043077,NB-No Block
?,700,0.000449,1440,63284,17475,91128960,0.215386,0.713896,?,0.043077,NB-No Block
9,900,0.000451,1440,81276,21664,117037440,0.175922,0.714996,B,0.031666,NB-No Block
?,900,0.000451,1440,81276,21664,117037440,0.175922,0.714996,B,0.031666,NB-No Block
?,900,0.000451,1440,81276,21664,117037440,0.175922,0.714996,B,0.031666,NB-No Block
?,900,0.000451,1440,81276,21664,117037440,0.175922,0.714996,B,0.031666,NB-No Block
?,900,0.000451,1440,81276,21664,117037440,0.175922,0.714996,B,0.031666,NB-No Block
3,400,0.000451,1440,36140,16718,52041600,0.300683,0.485982,P NB,0.069157,NB-Wait
3,400,0.000451,1440,36140,16718,52041600,0.300683,0.485982,P NB,0.069157,NB-Wait
3,400,0.000451,1440,36140,16718,52041600,0.300683,0.485982,P NB,0.069157,NB-Wait
3,400,0.000451,1440,36140,16718,52041600,0.300683,0.485982,P NB,0.069157,NB-Wait
3,400,0.000451,1440,36140,16718,52041600,0.300683,0.485982,P NB,0.069157,NB-Wait
9,400,0.000453,1440,36140,5391,52041600,0.111877,0.847244,B,?,No Block
?,400,0.000453,1440,36140,5391,52041600,0.101436,0.847244,B,?,No Block
?,400,0.000453,1440,36140,5391,52041600,0.111877,0.847244,B,?,No Block
?,400,0.000453,1440,36140,5391,52041600,0.101436,0.847244,B,?,No Block
?,400,0.000453,1440,36140,5391,52041600,0.111877,0.847244,B,?,No Block
?,400,0.000453,1440,36140,5391,52041600,0.101436,0.847244,B,?,No Block
?,400,0.000453,1440,36140,5391,52041600,0.111877,0.847244,B,?,No Block
?,400,0.000453,1440,36140,5391,52041600,0.101436,0.847244,B,?,No Block
?,400,0.000453,1440,36140,5391,52041600,0.111877,0.847244,?,?,No Block
?,400,0.000453,1440,36140,5391,52041600,0.101436,0.847244,B,?,No Block
3,200,0.000455,1440,18096,11689,26058240,0.452161,0.306335,NB,0.284861,NB-Wait
3,200,0.000455,1440,18096,11689,26058240,0.452161,0.306335,NB,0.284861,NB-Wait
3,200,0.000455,1440,18096,11689,26058240,0.452161,0.306335,NB,0.284861,NB-Wait
3,200,0.000455,1440,18096,11689,26058240,0.452161,0.306335,NB,0.284861,NB-Wait
3,200,0.000455,1440,18096,11689,26058240,0.452161,0.306335,NB,0.284861,NB-Wait
?,400,0.000457,1440,36140,26674,52041600,0.538794,0.228911,NB,0.312501,NB-No Block
?,400,0.000457,1440,36140,26674,52041600,0.538794,0.228911,NB,0.312501,NB-No Block
?,400,0.000457,1440,36140,26674,52041600,0.538794,0.228911,NB,0.312501,NB-No Block
9,400,0.000457,1440,36140,26674,52041600,0.538794,0.228911,NB,0.312501,NB-No Block
9,400,0.000457,1440,36140,26674,52041600,0.538794,0.228911,NB,0.312501,NB-No Block
3,200,0.000458,1440,18096,11067,26058240,0.415869,0.351889,NB,0.237045,NB-No Block
3,200,0.000458,1440,18096,11067,26058240,0.415869,0.351889,NB,0.237045,NB-No Block
3,200,0.000458,1440,18096,11067,26058240,0.415869,0.351889,NB,0.237045,NB-No Block
3,200,0.000458,1440,18096,11067,26058240,0.415869,0.351889,NB,0.237045,NB-No Block
3,200,0.000458,1440,18096,11067,26058240,0.415869,0.351889,NB,0.237045,NB-No Block
3,300,0.000468,1440,27092,12711,39012480,0.31435,0.463787,P NB,0.097448,NB-Wait
3,300,0.000468,1440,27092,12711,39012480,0.31435,0.463787,P NB,0.097448,NB-Wait
3,300,0.000468,1440,27092,12711,39012480,0.31435,0.463787,P NB,0.097448,NB-Wait
3,300,0.000468,1440,27092,12711,39012480,0.31435,0.463787,P NB,0.097448,NB-Wait
3,300,0.000468,1440,27092,12711,39012480,0.31435,0.463787,P NB,0.097448,NB-Wait
3,300,0.000468,1440,27092,10013,39012480,0.240235,0.621249,B,0.014414,NB-Wait
3,300,0.000468,1440,27092,10013,39012480,0.240235,0.621249,B,0.014414,NB-Wait
3,300,0.000468,1440,27092,10013,39012480,0.240235,0.621249,B,0.014414,NB-Wait
3,300,0.000468,1440,27092,10013,39012480,0.240235,0.621249,B,0.014414,NB-Wait
3,300,0.000468,1440,27092,10013,39012480,0.240235,0.621249,?,0.014414,NB-Wait
3,400,0.000469,1440,36140,6974,52041600,0.140869,0.811896,B,0.005635,NB-No Block
3,400,0.000469,1440,36140,6974,52041600,0.140869,0.811896,B,0.005635,NB-No Block
3,400,0.000469,1440,36140,6974,52041600,0.140869,0.811896,B,0.005635,NB-No Block
3,400,0.000469,1440,36140,6974,52041600,0.140869,0.811896,B,0.005635,NB-No Block
3,400,0.000469,1440,36140,6974,52041600,0.140869,0.811896,B,0.005635,NB-No Block
3,300,0.000473,1440,27092,20087,39012480,0.533834,0.225911,NB,0.400376,Block
3,300,0.000473,1440,27092,20087,39012480,0.533834,0.225911,NB,0.400376,Block
3,300,0.000473,1440,27092,20087,39012480,0.533834,0.225911,NB,0.400376,Block
3,300,0.000473,1440,27092,20087,39012480,0.533834,0.225911,NB,0.400376,Block
3,300,0.000473,1440,27092,20087,39012480,0.533834,0.225911,NB,0.400376,Block
9,300,0.000474,1440,27092,7567,39012480,0.189929,0.710222,B,0.001899,NB-No Block
?,300,0.000474,1440,27092,7567,39012480,0.189929,0.710222,B,0.001899,NB-No Block
?,300,0.000474,1440,27092,7567,39012480,0.189929,0.710222,B,0.001899,NB-No Block
?,300,0.000474,1440,27092,7567,39012480,0.189929,0.710222,B,0.001899,NB-No Block
?,300,0.000474,1440,27092,7567,39012480,0.189929,0.710222,B,0.001899,NB-No Block
9,1000,0.000475,1440,90324,33241,130066560,0.246573,0.62234,B,0.044383,NB-No Block
?,1000,0.000475,1440,90324,33241,130066560,0.246573,0.62234,B,0.044383,NB-No Block
?,1000,0.000475,1440,90324,33241,130066560,0.246573,0.62234,B,0.044383,NB-No Block
?,1000,0.000475,1440,90324,33241,130066560,0.246573,0.62234,B,0.044383,NB-No Block
?,1000,0.000475,1440,90324,33241,130066560,0.246573,0.62234,B,0.044383,NB-No Block
?,1000,0.000475,1440,90324,26141,130066560,0.20259,0.692701,?,0.036466,NB-Wait
3,1000,0.000475,1440,90324,26141,130066560,0.20259,0.692701,B,0.036466,NB-Wait
3,1000,0.000475,1440,90324,26141,130066560,0.20259,0.692701,B,0.036466,NB-Wait
3,1000,0.000475,1440,90324,26141,130066560,0.20259,0.692701,B,0.036466,NB-Wait
3,1000,0.000475,1440,90324,26141,130066560,0.20259,0.692701,B,0.036466,NB-Wait
3,1000,0.000478,1440,90324,29908,130066560,0.261584,0.651899,B,0.047085,NB-No Block
3,1000,0.000478,1440,90324,29908,130066560,0.261584,0.651899,B,0.047085,NB-No Block
3,1000,0.000478,1440,90324,29908,130066560,0.261584,0.651899,B,0.047085,NB-No Block
3,1000,0.000478,1440,90324,29908,130066560,0.261584,0.651899,B,0.047085,NB-No Block
3,1000,0.000478,1440,90324,29908,130066560,0.261584,0.651899,?,0.047085,NB-No Block
9,1000,0.00048,1440,90324,38794,130066560,0.335009,0.521205,P NB,0.077052,NB-No Block
9,1000,0.00048,1440,90324,38794,130066560,0.335009,0.521205,P NB,0.077052,NB-No Block
9,1000,0.00048,1440,90324,38794,130066560,0.335009,0.521205,P NB,0.077052,NB-No Block
9,1000,0.00048,1440,90324,38794,130066560,0.335009,0.521205,P NB,0.077052,NB-No Block
9,1000,0.00048,1440,90324,38794,130066560,0.335009,0.521205,P NB,0.077052,NB-No Block
?,1000,0.00048,1440,90324,30268,130066560,0.241275,0.668239,B,0.038604,NB-No Block
?,1000,0.00048,1440,90324,30268,130066560,0.241275,0.668239,B,0.038604,NB-No Block
?,1000,0.00048,1440,90324,30268,130066560,0.241275,0.668239,B,0.038604,NB-No Block
?,1000,0.00048,1440,90324,30268,130066560,0.241275,0.668239,B,0.038604,NB-No Block
?,1000,0.00048,1440,90324,30268,130066560,0.241275,0.668239,B,0.038604,NB-No Block
?,900,0.000483,1440,81276,22260,117037440,0.20815,0.715266,B,0.037467,NB-No Block
3,900,0.000483,1440,81276,22260,117037440,0.20815,0.715266,B,0.037467,NB-No Block
3,900,0.000483,1440,81276,22260,117037440,0.20815,0.715266,B,0.037467,NB-No Block
3,900,0.000483,1440,81276,22260,117037440,0.20815,0.715266,B,0.037467,NB-No Block
3,900,0.000483,1440,81276,22260,117037440,0.20815,0.715266,B,0.037467,NB-No Block
3,600,0.000484,1440,54184,17984,78024960,0.238972,0.590513,B,0.047794,NB-Wait
3,600,0.000484,1440,54184,17984,78024960,0.238972,0.590513,B,0.047794,NB-Wait
3,600,0.000484,1440,54184,17984,78024960,0.238972,0.590513,B,0.047794,NB-Wait
3,600,0.000484,1440,54184,17984,78024960,0.238972,0.590513,B,0.047794,NB-Wait
3,600,0.000484,1440,54184,17984,78024960,0.238972,0.590513,B,0.047794,NB-Wait
9,400,0.000486,1440,36140,11386,52041600,0.255193,0.675075,B,0.015312,NB-No Block
?,400,0.000486,1440,36140,11386,52041600,0.255193,0.675075,B,0.015312,NB-No Block
?,400,0.000486,1440,36140,11386,52041600,0.255193,0.675075,B,0.015312,NB-No Block
?,400,0.000486,1440,36140,11386,52041600,0.255193,0.675075,B,0.015312,NB-No Block
?,400,0.000486,1440,36140,11386,52041600,0.255193,0.675075,B,0.015312,NB-No Block
?,300,0.000486,1440,27092,6315,39012480,0.191138,0.771346,?,0.011468,NB-No Block
3,300,0.000486,1440,27092,6315,39012480,0.191138,0.771346,B,0.011468,NB-No Block
3,300,0.000486,1440,27092,6315,39012480,0.191138,0.771346,B,0.011468,NB-No Block
3,300,0.000486,1440,27092,6315,39012480,0.191138,0.771346,B,0.011468,NB-No Block
3,300,0.000486,1440,27092,6315,39012480,0.191138,0.771346,B,0.011468,NB-No Block
?,1000,0.000488,1440,90324,25902,130066560,0.195002,0.69539,B,0.0312,NB-No Block
?,1000,0.000488,1440,90324,25902,130066560,0.195002,0.69539,B,0.0312,NB-No Block
?,1000,0.000488,1440,90324,25902,130066560,0.195002,0.69539,B,0.0312,NB-No Block
?,1000,0.000488,1440,90324,25902,130066560,0.195002,0.69539,B,0.0312,NB-No Block
?,1000,0.000488,1440,90324,25902,130066560,0.195002,0.69539,B,0.0312,NB-No Block
?,900,0.000488,1440,81276,18788,117037440,0.18493,0.765074,B,0.031438,NB-No Block
3,900,0.000488,1440,81276,18788,117037440,0.18493,0.765074,B,0.031438,NB-No Block
3,900,0.000488,1440,81276,18788,117037440,0.18493,0.765074,B,0.031438,NB-No Block
3,900,0.000488,1440,81276,18788,117037440,0.18493,0.765074,B,0.031438,NB-No Block
3,900,0.000488,1440,81276,18788,117037440,0.18493,0.765074,B,0.031438,NB-No Block
?,800,0.000491,1440,72228,24638,104008320,0.228547,0.635706,B,0.038853,NB-Wait
3,800,0.000491,1440,72228,24638,104008320,0.228547,0.635706,B,0.038853,NB-Wait
3,800,0.000491,1440,72228,24638,104008320,0.228547,0.635706,B,0.038853,NB-Wait
3,800,0.000491,1440,72228,24638,104008320,0.228547,0.635706,B,0.038853,NB-Wait
3,800,0.000491,1440,72228,24638,104008320,0.228547,0.635706,B,0.038853,NB-Wait
9,300,0.000491,1440,27092,4883,39012480,0.133376,0.807852,B,?,No Block
?,300,0.000491,1440,27092,4883,39012480,0.133376,0.807852,B,?,No Block
?,300,0.000491,1440,27092,4883,39012480,0.133376,0.807852,B,?,No Block
?,300,0.000491,1440,27092,4883,39012480,0.133376,0.807852,B,?,No Block
?,300,0.000491,1440,27092,4883,39012480,0.133376,0.807852,B,?,No Block
?,200,0.000493,1440,18096,5922,26058240,0.265076,0.657018,?,0.021206,NB-No Block
3,200,0.000493,1440,18096,5922,26058240,0.265076,0.657018,B,0.021206,NB-No Block
3,200,0.000493,1440,18096,5922,26058240,0.265076,0.657018,B,0.021206,NB-No Block
3,200,0.000493,1440,18096,5922,26058240,0.265076,0.657018,B,0.021206,NB-No Block
3,200,0.000493,1440,18096,5922,26058240,0.265076,0.657018,B,0.021206,NB-No Block
3,700,0.000495,1440,63284,16696,91128960,0.208423,0.718555,B,0.031263,NB-No Block
3,700,0.000495,1440,63284,16696,91128960,0.208423,0.718555,B,0.031263,NB-No Block
3,700,0.000495,1440,63284,16696,91128960,0.208423,0.718555,B,0.031263,NB-No Block
3,700,0.000495,1440,63284,16696,91128960,0.208423,0.718555,B,0.031263,NB-No Block
3,700,0.000495,1440,63284,16696,91128960,0.208423,0.718555,B,0.031263,NB-No Block
9,200,0.000495,1440,18096,8387,26058240,0.384682,0.463973,P NB,0.107711,NB-Wait
9,200,0.000495,1440,18096,8387,26058240,0.393952,0.491265,P NB,0.122125,NB-No Block
9,200,0.000495,1440,18096,8387,26058240,0.384682,0.463973,P NB,0.107711,NB-Wait
9,200,0.000495,1440,18096,8387,26058240,0.393952,0.491265,P NB,0.122125,NB-No Block
9,200,0.000495,1440,18096,8387,26058240,0.384682,0.463973,P NB,0.107711,NB-Wait
9,200,0.000495,1440,18096,8387,26058240,0.393952,0.491265,P NB,0.122125,NB-No Block
9,200,0.000495,1440,18096,8387,26058240,0.384682,0.463973,P NB,0.107711,NB-Wait
9,200,0.000495,1440,18096,8387,26058240,0.393952,0.491265,P NB,0.122125,NB-No Block
9,200,0.000495,1440,18096,8387,26058240,0.384682,0.463973,P NB,0.107711,NB-Wait
9,200,0.000495,1440,18096,8387,26058240,0.393952,0.491265,P NB,0.122125,NB-No Block
9,800,0.000496,1440,72228,15566,104008320,0.17241,0.788716,B,0.031034,NB-No Block
?,800,0.000496,1440,72228,15566,104008320,0.17241,0.788716,B,0.031034,NB-No Block
?,800,0.000496,1440,72228,15566,104008320,0.17241,0.788716,B,0.031034,NB-No Block
?,800,0.000496,1440,72228,15566,104008320,0.17241,0.788716,B,0.031034,NB-No Block
?,800,0.000496,1440,72228,15566,104008320,0.17241,0.788716,B,0.031034,NB-No Block
3,800,0.000497,1440,72228,7849,104008320,0.076069,0.869009,B,?,No Block
3,800,0.000497,1440,72228,7849,104008320,0.076069,0.869009,B,?,No Block
3,800,0.000497,1440,72228,7849,104008320,0.076069,0.869009,B,?,No Block
3,800,0.000497,1440,72228,7849,104008320,0.076069,0.869009,B,?,No Block
3,800,0.000497,1440,72228,7849,104008320,0.076069,0.869009,B,?,No Block
?,800,0.000499,1440,72228,15602,104008320,0.153367,0.780308,B,0.027606,NB-No Block
3,800,0.000499,1440,72228,15602,104008320,0.153367,0.780308,B,0.027606,NB-No Block
3,800,0.000499,1440,72228,15602,104008320,0.153367,0.780308,B,0.027606,NB-No Block
3,800,0.000499,1440,72228,15602,104008320,0.153367,0.780308,B,0.027606,NB-No Block
3,800,0.000499,1440,72228,15602,104008320,0.153367,0.780308,B,0.027606,NB-No Block
3,100,0.000501,1440,9048,5701,13029120,0.434758,0.327588,NB,0.308678,NB-No Block
3,100,0.000501,1440,9048,5701,13029120,0.434758,0.327588,NB,0.308678,NB-No Block
3,100,0.000501,1440,9048,5701,13029120,0.434758,0.327588,NB,0.308678,NB-No Block
3,100,0.000501,1440,9048,5701,13029120,0.434758,0.327588,NB,0.308678,NB-No Block
3,100,0.000501,1440,9048,5701,13029120,0.434758,0.327588,NB,0.308678,NB-No Block
9,900,0.000506,1440,81276,14217,117037440,0.138189,0.812666,B,?,No Block
?,900,0.000506,1440,81276,14217,117037440,0.138189,0.812666,B,?,No Block
?,900,0.000506,1440,81276,14217,117037440,0.138189,0.812666,B,?,No Block
?,900,0.000506,1440,81276,14217,117037440,0.138189,0.812666,B,?,No Block
?,900,0.000506,1440,81276,14217,117037440,0.138189,0.812666,B,?,No Block
3,100,0.000507,1440,9048,5533,13029120,0.415831,0.347985,NB,0.224549,NB-Wait
3,100,0.000507,1440,9048,5533,13029120,0.415831,0.347985,NB,0.224549,NB-Wait
3,100,0.000507,1440,9048,5533,13029120,0.415831,0.347985,NB,0.224549,NB-Wait
3,100,0.000507,1440,9048,5533,13029120,0.415831,0.347985,NB,0.224549,NB-Wait
3,100,0.000507,1440,9048,5533,13029120,0.415831,0.347985,NB,0.224549,NB-Wait
?,700,0.000512,1440,63284,9871,91128960,0.116985,0.841019,?,?,No Block
3,700,0.000512,1440,63284,9871,91128960,0.109186,0.841019,B,?,No Block
3,700,0.000512,1440,63284,9871,91128960,0.116985,0.841019,B,?,No Block
3,700,0.000512,1440,63284,9871,91128960,0.109186,0.841019,B,?,No Block
3,700,0.000512,1440,63284,9871,91128960,0.116985,0.841019,B,?,No Block
3,700,0.000512,1440,63284,9871,91128960,0.109186,0.841019,B,?,No Block
3,700,0.000512,1440,63284,9871,91128960,0.116985,0.841019,B,?,No Block
3,700,0.000512,1440,63284,9871,91128960,0.109186,0.841019,B,?,No Block
3,700,0.000512,1440,63284,9871,91128960,0.116985,0.841019,B,?,No Block
3,700,0.000512,1440,63284,9871,91128960,0.109186,0.841019,B,?,No Block
?,500,0.000512,1440,45188,8029,65070720,0.131483,0.801641,?,?,No Block
3,500,0.000512,1440,45188,8029,65070720,0.131483,0.801641,B,?,No Block
3,500,0.000512,1440,45188,8029,65070720,0.131483,0.801641,B,?,No Block
3,500,0.000512,1440,45188,8029,65070720,0.131483,0.801641,B,?,No Block
3,500,0.000512,1440,45188,8029,65070720,0.131483,0.801641,B,?,No Block
3,100,0.000512,1440,9048,5482,13029120,0.424116,0.361058,NB,0.216299,NB-No Block
3,100,0.000512,1440,9048,5482,13029120,0.424116,0.361058,NB,0.216299,NB-No Block
3,100,0.000512,1440,9048,5482,13029120,0.424116,0.361058,NB,0.216299,NB-No Block
3,100,0.000512,1440,9048,5482,13029120,0.424116,0.361058,NB,0.216299,NB-No Block
3,100,0.000512,1440,9048,5482,13029120,0.424116,0.361058,NB,0.216299,NB-No Block
?,1000,0.000526,1440,90324,22195,130066560,0.191667,0.742836,B,0.038333,NB-No Block
?,1000,0.000526,1440,90324,22195,130066560,0.191667,0.742836,B,0.038333,NB-No Block
?,1000,0.000526,1440,90324,22195,130066560,0.191667,0.742836,B,0.038333,NB-No Block
?,1000,0.000526,1440,90324,22195,130066560,0.191667,0.742836,B,0.038333,NB-No Block
?,1000,0.000526,1440,90324,22195,130066560,0.191667,0.742836,B,0.038333,NB-No Block
3,100,0.000527,1440,9048,5487,13029120,0.460889,0.340521,?,0.29036,NB-No Block
3,100,0.000527,1440,9048,5487,13029120,0.460889,0.344527,NB,0.442453,Block
3,100,0.000527,1440,9048,5487,13029120,0.460889,0.340521,?,0.29036,NB-No Block
3,100,0.000527,1440,9048,5487,13029120,0.460889,0.344527,NB,0.442453,Block
3,100,0.000527,1440,9048,5487,13029120,0.460889,0.340521,NB,0.29036,NB-No Block
3,100,0.000527,1440,9048,5487,13029120,0.460889,0.344527,NB,0.442453,Block
3,100,0.000527,1440,9048,5487,13029120,0.460889,0.340521,NB,0.29036,NB-No Block
3,100,0.000527,1440,9048,5487,13029120,0.460889,0.344527,NB,0.442453,Block
3,100,0.000527,1440,9048,5487,13029120,0.460889,0.340521,NB,0.29036,NB-No Block
3,100,0.000527,1440,9048,5487,13029120,0.460889,0.344527,NB,0.442453,Block
3,100,0.000532,1440,9048,5933,13029120,0.478679,0.311889,NB,0.282421,NB-No Block
3,100,0.000532,1440,9048,5933,13029120,0.478679,0.311889,NB,0.282421,NB-No Block
3,100,0.000532,1440,9048,5933,13029120,0.478679,0.311889,NB,0.282421,NB-No Block
3,100,0.000532,1440,9048,5933,13029120,0.478679,0.311889,NB,0.282421,NB-No Block
3,100,0.000532,1440,9048,5933,13029120,0.478679,0.311889,NB,0.282421,NB-No Block
9,300,0.000538,1440,27092,11912,39012480,0.373734,0.50094,?,0.104646,NB-No Block
9,300,0.000538,1440,27092,11912,39012480,0.373734,0.50094,P NB,0.104646,NB-No Block
9,300,0.000538,1440,27092,11912,39012480,0.373734,0.50094,P NB,0.104646,NB-No Block
9,300,0.000538,1440,27092,11912,39012480,0.373734,0.50094,P NB,0.104646,NB-No Block
9,300,0.000538,1440,27092,11912,39012480,0.373734,0.50094,P NB,0.104646,NB-No Block
9,200,0.000538,1440,18096,4883,26058240,0.223966,0.735298,?,0.022397,NB-Wait
?,200,0.000538,1440,18096,4883,26058240,0.223966,0.735298,B,0.022397,NB-Wait
?,200,0.000538,1440,18096,4883,26058240,0.223966,0.735298,B,0.022397,NB-Wait
?,200,0.000538,1440,18096,4883,26058240,0.223966,0.735298,B,0.022397,NB-Wait
?,200,0.000538,1440,18096,4883,26058240,0.223966,0.735298,B,0.022397,NB-Wait
3,100,0.000547,1440,9048,5344,13029120,0.431158,0.370863,?,0.375108,Block
3,100,0.000547,1440,9048,5344,13029120,0.431158,0.370863,NB,0.375108,Block
3,100,0.000547,1440,9048,5344,13029120,0.431158,0.370863,NB,0.375108,Block
3,100,0.000547,1440,9048,5344,13029120,0.431158,0.370863,NB,0.375108,Block
3,100,0.000547,1440,9048,5344,13029120,0.431158,0.370863,NB,0.375108,Block
?,100,0.000552,1440,9048,5770,13029120,0.522922,0.324522,NB,0.439255,Block
?,100,0.000552,1440,9048,5770,13029120,0.522922,0.324522,NB,0.439255,Block
?,100,0.000552,1440,9048,5770,13029120,0.522922,0.324522,NB,0.439255,Block
?,100,0.000552,1440,9048,5770,13029120,0.522922,0.324522,NB,0.439255,Block
9,100,0.000552,1440,9048,5770,13029120,0.522922,0.324522,NB,0.439255,Block
?,1000,0.000556,1440,90324,15899,130066560,0.132016,0.803228,?,?,No Block
3,1000,0.000556,1440,90324,15899,130066560,0.132016,0.803228,B,?,No Block
3,1000,0.000556,1440,90324,15899,130066560,0.132016,0.803228,B,?,No Block
3,1000,0.000556,1440,90324,15899,130066560,0.132016,0.803228,B,?,No Block
3,1000,0.000556,1440,90324,15899,130066560,0.132016,0.803228,B,?,No Block
?,1000,0.000561,1440,90324,18756,130066560,0.153663,0.772319,B,0.023049,NB-No Block
3,1000,0.000561,1440,90324,18756,130066560,0.153663,0.772319,B,0.023049,NB-No Block
3,1000,0.000561,1440,90324,18756,130066560,0.153663,0.772319,B,0.023049,NB-No Block
3,1000,0.000561,1440,90324,18756,130066560,0.153663,0.772319,B,0.023049,NB-No Block
3,1000,0.000561,1440,90324,18756,130066560,0.153663,0.772319,B,0.023049,NB-No Block
3,600,0.000564,1440,54184,18729,78024960,0.262698,0.6314,B,0.039405,NB-No Block
3,600,0.000564,1440,54184,18729,78024960,0.262698,0.6314,B,0.039405,NB-No Block
3,600,0.000564,1440,54184,18729,78024960,0.262698,0.6314,B,0.039405,NB-No Block
3,600,0.000564,1440,54184,18729,78024960,0.262698,0.6314,B,0.039405,NB-No Block
3,600,0.000564,1440,54184,18729,78024960,0.262698,0.6314,?,0.039405,NB-No Block
?,200,0.000569,1440,18096,9347,26058240,0.408053,0.384339,NB,0.318281,NB-No Block
?,200,0.000569,1440,18096,9347,26058240,0.408053,0.384339,NB,0.318281,NB-No Block
?,200,0.000569,1440,18096,9347,26058240,0.408053,0.384339,NB,0.318281,NB-No Block
?,200,0.000569,1440,18096,9347,26058240,0.408053,0.384339,NB,0.318281,NB-No Block
9,200,0.000569,1440,18096,9347,26058240,0.408053,0.384339,NB,0.318281,NB-No Block
9,200,0.000569,1440,18096,9347,26058240,0.351236,0.37987,P NB,0.098346,NB-No Block
9,200,0.000569,1440,18096,9347,26058240,0.351236,0.37987,P NB,0.098346,NB-No Block
9,200,0.000569,1440,18096,9347,26058240,0.351236,0.37987,P NB,0.098346,NB-No Block
9,200,0.000569,1440,18096,9347,26058240,0.351236,0.37987,P NB,0.098346,NB-No Block
9,200,0.000569,1440,18096,9347,26058240,0.351236,0.37987,P NB,0.098346,NB-No Block
9,200,0.000575,1440,18096,4779,26058240,0.171659,0.733604,B,0.027466,NB-No Block
?,200,0.000575,1440,18096,4779,26058240,0.171659,0.733604,B,0.027466,NB-No Block
?,200,0.000575,1440,18096,4779,26058240,0.171659,0.733604,B,0.027466,NB-No Block
?,200,0.000575,1440,18096,4779,26058240,0.171659,0.733604,B,0.027466,NB-No Block
?,200,0.000575,1440,18096,4779,26058240,0.171659,0.733604,B,0.027466,NB-No Block
9,900,0.0006,1440,81276,11706,117037440,0.113782,0.834492,B,?,No Block
?,900,0.0006,1440,81276,11706,117037440,0.113782,0.834492,B,?,No Block
?,900,0.0006,1440,81276,11706,117037440,0.113782,0.834492,B,?,No Block
?,900,0.0006,1440,81276,11706,117037440,0.113782,0.834492,B,?,No Block
?,900,0.0006,1440,81276,11706,117037440,0.113782,0.834492,B,?,No Block
3,1000,0.000611,1440,90324,52375,130066560,0.492878,0.375408,NB,0.349944,NB-Wait
3,1000,0.000611,1440,90324,52375,130066560,0.492878,0.375408,NB,0.349944,NB-Wait
3,1000,0.000611,1440,90324,52375,130066560,0.492878,0.375408,NB,0.349944,NB-Wait
3,1000,0.000611,1440,90324,52375,130066560,0.492878,0.375408,NB,0.349944,NB-Wait
3,1000,0.000611,1440,90324,52375,130066560,0.492878,0.375408,NB,0.349944,NB-Wait
9,700,0.000615,1440,63284,9958,91128960,0.133751,0.839617,B,?,No Block
?,700,0.000615,1440,63284,9958,91128960,0.133751,0.839617,B,?,No Block
?,700,0.000615,1440,63284,9958,91128960,0.133751,0.839617,B,?,No Block
?,700,0.000615,1440,63284,9958,91128960,0.133751,0.839617,B,?,No Block
?,700,0.000615,1440,63284,9958,91128960,0.133751,0.839617,?,?,No Block
9,900,0.000623,1440,81276,7000,117037440,0.06804,0.89088,B,?,No Block
?,900,0.000623,1440,81276,7000,117037440,0.06804,0.89088,B,?,No Block
?,900,0.000623,1440,81276,7000,117037440,0.06804,0.89088,B,?,No Block
?,900,0.000623,1440,81276,7000,117037440,0.06804,0.89088,B,?,No Block
?,900,0.000623,1440,81276,7000,117037440,0.06804,0.89088,B,?,No Block
?,200,0.000627,1440,18096,8757,26058240,0.406492,0.451436,NB,0.333323,NB-Wait
?,200,0.000627,1440,18096,8757,26058240,0.406492,0.451436,NB,0.333323,NB-Wait
?,200,0.000627,1440,18096,8757,26058240,0.406492,0.451436,NB,0.333323,NB-Wait
?,200,0.000627,1440,18096,8757,26058240,0.406492,0.451436,NB,0.333323,NB-Wait
9,200,0.000627,1440,18096,8757,26058240,0.406492,0.451436,NB,0.333323,NB-Wait
9,800,0.000629,1440,72228,24280,104008320,0.262203,0.653809,B,0.03933,NB-No Block
?,800,0.000629,1440,72228,24280,104008320,0.262203,0.653809,B,0.03933,NB-No Block
?,800,0.000629,1440,72228,24280,104008320,0.262203,0.653809,B,0.03933,NB-No Block
?,800,0.000629,1440,72228,24280,104008320,0.262203,0.653809,B,0.03933,NB-No Block
?,800,0.000629,1440,72228,24280,104008320,0.262203,0.653809,B,0.03933,NB-No Block
?,1000,0.000633,1440,90324,13193,130066560,0.124154,0.823686,B,?,No Block
?,1000,0.000633,1440,90324,13193,130066560,0.097862,0.841026,B,?,No Block
?,1000,0.000633,1440,90324,13193,130066560,0.124154,0.823686,B,?,No Block
?,1000,0.000633,1440,90324,13193,130066560,0.097862,0.841026,B,?,No Block
?,1000,0.000633,1440,90324,13193,130066560,0.124154,0.823686,B,?,No Block
?,1000,0.000633,1440,90324,13193,130066560,0.097862,0.841026,B,?,No Block
?,1000,0.000633,1440,90324,13193,130066560,0.124154,0.823686,B,?,No Block
?,1000,0.000633,1440,90324,13193,130066560,0.097862,0.841026,B,?,No Block
?,1000,0.000633,1440,90324,13193,130066560,0.124154,0.823686,B,?,No Block
?,1000,0.000633,1440,90324,13193,130066560,0.097862,0.841026,B,?,No Block
9,200,0.000633,1440,18096,8894,26058240,0.393192,0.455351,?,0.110094,NB-Wait
9,200,0.000633,1440,18096,8894,26058240,0.393192,0.455351,P NB,0.110094,NB-Wait
9,200,0.000633,1440,18096,8894,26058240,0.393192,0.455351,P NB,0.110094,NB-Wait
9,200,0.000633,1440,18096,8894,26058240,0.393192,0.455351,P NB,0.110094,NB-Wait
9,200,0.000633,1440,18096,8894,26058240,0.393192,0.455351,P NB,0.110094,NB-Wait
3,900,0.000633,1440,81276,7346,117037440,0.058749,0.886758,B,?,No Block
3,900,0.000633,1440,81276,7346,117037440,0.058749,0.886758,B,?,No Block
3,900,0.000633,1440,81276,7346,117037440,0.058749,0.886758,B,?,No Block
3,900,0.000633,1440,81276,7346,117037440,0.058749,0.886758,B,?,No Block
3,900,0.000633,1440,81276,7346,117037440,0.058749,0.886758,B,?,No Block
9,200,0.000641,1440,18096,8658,26058240,0.368405,0.466934,?,0.099469,NB-No Block
9,200,0.000641,1440,18096,8658,26058240,0.368405,0.466934,P NB,0.099469,NB-No Block
9,200,0.000641,1440,18096,8658,26058240,0.368405,0.466934,P NB,0.099469,NB-No Block
9,200,0.000641,1440,18096,8658,26058240,0.368405,0.466934,P NB,0.099469,NB-No Block
9,200,0.000641,1440,18096,8658,26058240,0.368405,0.466934,P NB,0.099469,NB-No Block
3,500,0.000658,1440,45188,23867,65070720,0.396128,0.430778,P NB,0.134684,NB-Wait
3,500,0.000658,1440,45188,23867,65070720,0.396128,0.430778,P NB,0.134684,NB-Wait
3,500,0.000658,1440,45188,23867,65070720,0.396128,0.430778,P NB,0.134684,NB-Wait
3,500,0.000658,1440,45188,23867,65070720,0.396128,0.430778,P NB,0.134684,NB-Wait
3,500,0.000658,1440,45188,23867,65070720,0.396128,0.430778,P NB,0.134684,NB-Wait
9,1000,0.000661,1440,90324,36020,130066560,0.315041,0.518708,P NB,0.122866,NB-No Block
9,1000,0.000661,1440,90324,36020,130066560,0.315041,0.518708,P NB,0.122866,NB-No Block
9,1000,0.000661,1440,90324,36020,130066560,0.315041,0.518708,P NB,0.122866,NB-No Block
9,1000,0.000661,1440,90324,36020,130066560,0.315041,0.518708,P NB,0.122866,NB-No Block
9,1000,0.000661,1440,90324,36020,130066560,0.315041,0.518708,P NB,0.122866,NB-No Block
9,200,0.000665,1440,18096,8185,26058240,0.307571,0.47387,?,0.076893,NB-Wait
9,200,0.000665,1440,18096,8185,26058240,0.307571,0.47387,P NB,0.076893,NB-Wait
9,200,0.000665,1440,18096,8185,26058240,0.307571,0.47387,P NB,0.076893,NB-Wait
9,200,0.000665,1440,18096,8185,26058240,0.307571,0.47387,P NB,0.076893,NB-Wait
9,200,0.000665,1440,18096,8185,26058240,0.307571,0.47387,P NB,0.076893,NB-Wait
?,800,0.000666,1440,72228,13076,104008320,0.150261,0.823423,?,0.027047,NB-No Block
3,800,0.000666,1440,72228,13076,104008320,0.150261,0.823423,B,0.027047,NB-No Block
3,800,0.000666,1440,72228,13076,104008320,0.150261,0.823423,B,0.027047,NB-No Block
3,800,0.000666,1440,72228,13076,104008320,0.150261,0.823423,B,0.027047,NB-No Block
3,800,0.000666,1440,72228,13076,104008320,0.150261,0.823423,B,0.027047,NB-No Block
3,1000,0.000675,1440,90324,33506,130066560,0.263377,0.619503,B,0.050042,NB-No Block
3,1000,0.000675,1440,90324,33506,130066560,0.263377,0.619503,B,0.050042,NB-No Block
3,1000,0.000675,1440,90324,33506,130066560,0.263377,0.619503,B,0.050042,NB-No Block
3,1000,0.000675,1440,90324,33506,130066560,0.263377,0.619503,B,0.050042,NB-No Block
3,1000,0.000675,1440,90324,33506,130066560,0.263377,0.619503,B,0.050042,NB-No Block
3,500,0.00069,1440,45188,13006,65070720,0.244647,0.694181,B,0.014679,NB-No Block
3,500,0.00069,1440,45188,13006,65070720,0.244647,0.694181,B,0.014679,NB-No Block
3,500,0.00069,1440,45188,13006,65070720,0.244647,0.694181,B,0.014679,NB-No Block
3,500,0.00069,1440,45188,13006,65070720,0.244647,0.694181,B,0.014679,NB-No Block
3,500,0.00069,1440,45188,13006,65070720,0.244647,0.694181,B,0.014679,NB-No Block
9,900,0.000697,1440,81276,25633,117037440,0.242844,0.667572,B,0.043712,NB-No Block
?,900,0.000697,1440,81276,25633,117037440,0.242844,0.667572,B,0.043712,NB-No Block
?,900,0.000697,1440,81276,25633,117037440,0.242844,0.667572,B,0.043712,NB-No Block
?,900,0.000697,1440,81276,25633,117037440,0.242844,0.667572,B,0.043712,NB-No Block
?,900,0.000697,1440,81276,25633,117037440,0.242844,0.667572,B,0.043712,NB-No Block
3,100,0.000704,1440,9048,4077,13029120,0.351466,0.492129,P NB,0.087866,NB-No Block
3,100,0.000704,1440,9048,4077,13029120,0.3019,0.492129,P NB,0.06038,NB-No Block
3,100,0.000704,1440,9048,4077,13029120,0.351466,0.492129,P NB,0.087866,NB-No Block
3,100,0.000704,1440,9048,4077,13029120,0.3019,0.492129,P NB,0.06038,NB-No Block
3,100,0.000704,1440,9048,4077,13029120,0.351466,0.492129,P NB,0.087866,NB-No Block
3,100,0.000704,1440,9048,4077,13029120,0.3019,0.492129,P NB,0.06038,NB-No Block
3,100,0.000704,1440,9048,4077,13029120,0.351466,0.492129,P NB,0.087866,NB-No Block
3,100,0.000704,1440,9048,4077,13029120,0.3019,0.492129,P NB,0.06038,NB-No Block
3,100,0.000704,1440,9048,4077,13029120,0.351466,0.492129,P NB,0.087866,NB-No Block
3,100,0.000704,1440,9048,4077,13029120,0.3019,0.492129,P NB,0.06038,NB-No Block
3,100,0.000705,1440,9048,3996,13029120,0.313568,0.592515,P NB,0.09407,NB-No Block
3,100,0.000705,1440,9048,3996,13029120,0.313568,0.592515,P NB,0.09407,NB-No Block
3,100,0.000705,1440,9048,3996,13029120,0.313568,0.592515,P NB,0.09407,NB-No Block
3,100,0.000705,1440,9048,3996,13029120,0.313568,0.592515,P NB,0.09407,NB-No Block
3,100,0.000705,1440,9048,3996,13029120,0.313568,0.592515,P NB,0.09407,NB-No Block
3,700,0.000706,1440,63284,45445,91128960,0.50986,0.257956,NB,0.265127,NB-Wait
3,700,0.000706,1440,63284,45445,91128960,0.50986,0.257956,NB,0.265127,NB-Wait
3,700,0.000706,1440,63284,45445,91128960,0.50986,0.257956,NB,0.265127,NB-Wait
3,700,0.000706,1440,63284,45445,91128960,0.50986,0.257956,NB,0.265127,NB-Wait
3,700,0.000706,1440,63284,45445,91128960,0.50986,0.257956,NB,0.265127,NB-Wait
?,300,0.000713,1440,27092,6017,39012480,0.188781,0.750761,?,0.018878,NB-No Block
3,300,0.000713,1440,27092,6017,39012480,0.188781,0.750761,B,0.018878,NB-No Block
3,300,0.000713,1440,27092,6017,39012480,0.188781,0.750761,B,0.018878,NB-No Block
3,300,0.000713,1440,27092,6017,39012480,0.188781,0.750761,B,0.018878,NB-No Block
3,300,0.000713,1440,27092,6017,39012480,0.188781,0.750761,B,0.018878,NB-No Block
?,1000,0.00072,1440,90324,?,130066560,0.136028,0.784869,B,?,No Block
?,1000,0.00072,1440,90324,?,130066560,0.136028,0.784869,B,?,No Block
?,1000,0.00072,1440,90324,?,130066560,0.136028,0.784869,B,?,No Block
?,1000,0.00072,1440,90324,?,130066560,0.136028,0.784869,B,?,No Block
?,1000,0.00072,1440,90324,?,130066560,0.136028,0.784869,B,?,No Block
9,800,0.000724,1440,72228,6649,104008320,0.063518,0.875948,B,?,No Block
?,800,0.000724,1440,72228,6649,104008320,0.063518,0.875948,B,?,No Block
?,800,0.000724,1440,72228,6649,104008320,0.063518,0.875948,B,?,No Block
?,800,0.000724,1440,72228,6649,104008320,0.063518,0.875948,B,?,No Block
?,800,0.000724,1440,72228,6649,104008320,0.063518,0.875948,B,?,No Block
9,800,0.000746,1440,72228,10802,104008320,0.11067,0.846389,B,?,No Block
?,800,0.000746,1440,72228,10802,104008320,0.11067,0.846389,B,?,No Block
?,800,0.000746,1440,72228,10802,104008320,0.11067,0.846389,B,?,No Block
?,800,0.000746,1440,72228,10802,104008320,0.11067,0.846389,B,?,No Block
?,800,0.000746,1440,72228,10802,104008320,0.11067,0.846389,B,?,No Block
3,1000,0.00075,1440,90324,33704,130066560,0.309711,0.559974,P NB,0.061942,NB-No Block
3,1000,0.00075,1440,90324,33704,130066560,0.309711,0.559974,P NB,0.061942,NB-No Block
3,1000,0.00075,1440,90324,33704,130066560,0.309711,0.559974,P NB,0.061942,NB-No Block
3,1000,0.00075,1440,90324,33704,130066560,0.309711,0.559974,P NB,0.061942,NB-No Block
3,1000,0.00075,1440,90324,33704,130066560,0.309711,0.559974,P NB,0.061942,NB-No Block
3,400,0.000793,1440,36140,21591,52041600,0.442096,0.36408,NB,0.313888,NB-Wait
3,400,0.000793,1440,36140,21591,52041600,0.442096,0.36408,NB,0.313888,NB-Wait
3,400,0.000793,1440,36140,21591,52041600,0.442096,0.36408,NB,0.313888,NB-Wait
3,400,0.000793,1440,36140,21591,52041600,0.442096,0.36408,NB,0.313888,NB-Wait
3,400,0.000793,1440,36140,21591,52041600,0.442096,0.36408,NB,0.313888,NB-Wait
9,900,0.000798,1440,81276,28640,117037440,0.250189,0.644436,B,0.047536,NB-No Block
?,900,0.000798,1440,81276,28640,117037440,0.250189,0.644436,B,0.047536,NB-No Block
?,900,0.000798,1440,81276,28640,117037440,0.250189,0.644436,B,0.047536,NB-No Block
?,900,0.000798,1440,81276,28640,117037440,0.250189,0.644436,B,0.047536,NB-No Block
?,900,0.000798,1440,81276,28640,117037440,0.250189,0.644436,B,0.047536,NB-No Block
3,900,0.000799,1440,81276,29186,117037440,0.237004,0.585686,B,0.042661,NB-No Block
3,900,0.000799,1440,81276,29186,117037440,0.237004,0.585686,B,0.042661,NB-No Block
3,900,0.000799,1440,81276,29186,117037440,0.237004,0.585686,B,0.042661,NB-No Block
3,900,0.000799,1440,81276,29186,117037440,0.237004,0.585686,B,0.042661,NB-No Block
3,900,0.000799,1440,81276,29186,117037440,0.237004,0.585686,?,0.042661,NB-No Block
9,500,0.000799,1440,45188,17624,65070720,0.25351,0.538645,B,0.040562,NB-No Block
?,500,0.000799,1440,45188,17624,65070720,0.25351,0.538645,B,0.040562,NB-No Block
?,500,0.000799,1440,45188,17624,65070720,0.25351,0.538645,B,0.040562,NB-No Block
?,500,0.000799,1440,45188,17624,65070720,0.25351,0.538645,B,0.040562,NB-No Block
?,500,0.000799,1440,45188,17624,65070720,0.25351,0.538645,?,0.040562,NB-No Block
9,800,0.000807,1440,72228,17626,104008320,0.173263,0.752415,B,0.034653,NB-No Block
?,800,0.000807,1440,72228,17626,104008320,0.173263,0.752415,B,0.034653,NB-No Block
?,800,0.000807,1440,72228,17626,104008320,0.173263,0.752415,B,0.034653,NB-No Block
?,800,0.000807,1440,72228,17626,104008320,0.173263,0.752415,B,0.034653,NB-No Block
?,800,0.000807,1440,72228,17626,104008320,0.173263,0.752415,B,0.034653,NB-No Block
9,700,0.000824,1440,63284,13468,91128960,0.176639,0.784193,B,0.026496,NB-No Block
?,700,0.000824,1440,63284,13468,91128960,0.176639,0.784193,B,0.026496,NB-No Block
?,700,0.000824,1440,63284,13468,91128960,0.176639,0.784193,B,0.026496,NB-No Block
?,700,0.000824,1440,63284,13468,91128960,0.176639,0.784193,B,0.026496,NB-No Block
?,700,0.000824,1440,63284,13468,91128960,0.176639,0.784193,?,0.026496,NB-No Block
9,400,0.000831,1440,36140,8686,52041600,0.197081,0.764339,B,0.017737,NB-Wait
?,400,0.000831,1440,36140,8686,52041600,0.197081,0.764339,B,0.017737,NB-Wait
?,400,0.000831,1440,36140,8686,52041600,0.197081,0.764339,B,0.017737,NB-Wait
?,400,0.000831,1440,36140,8686,52041600,0.197081,0.764339,B,0.017737,NB-Wait
?,400,0.000831,1440,36140,8686,52041600,0.197081,0.764339,?,0.017737,NB-Wait
3,700,0.00084,1440,63284,39518,91128960,0.524542,0.328287,NB,0.267516,NB-Wait
3,700,0.00084,1440,63284,39518,91128960,0.524542,0.328287,NB,0.267516,NB-Wait
3,700,0.00084,1440,63284,39518,91128960,0.524542,0.328287,NB,0.267516,NB-Wait
3,700,0.00084,1440,63284,39518,91128960,0.524542,0.328287,NB,0.267516,NB-Wait
3,700,0.00084,1440,63284,39518,91128960,0.524542,0.328287,NB,0.267516,NB-Wait
?,1000,0.000847,1440,90324,22266,130066560,0.20214,0.72675,B,0.032342,NB-No Block
3,1000,0.000847,1440,90324,22266,130066560,0.20214,0.72675,B,0.032342,NB-No Block
3,1000,0.000847,1440,90324,22266,130066560,0.20214,0.72675,B,0.032342,NB-No Block
3,1000,0.000847,1440,90324,22266,130066560,0.20214,0.72675,B,0.032342,NB-No Block
3,1000,0.000847,1440,90324,22266,130066560,0.20214,0.72675,B,0.032342,NB-No Block
3,500,0.000856,1440,45188,33250,65070720,0.59601,0.233314,NB,0.530449,Block
3,500,0.000856,1440,45188,33250,65070720,0.59601,0.233314,NB,0.530449,Block
3,500,0.000856,1440,45188,33250,65070720,0.59601,0.233314,NB,0.530449,Block
3,500,0.000856,1440,45188,33250,65070720,0.59601,0.233314,NB,0.530449,Block
3,500,0.000856,1440,45188,33250,65070720,0.59601,0.233314,NB,0.530449,Block
?,400,0.000856,1440,36140,11558,52041600,0.236661,0.601368,?,0.021299,NB-Wait
3,400,0.000856,1440,36140,11558,52041600,0.236661,0.601368,B,0.021299,NB-Wait
3,400,0.000856,1440,36140,11558,52041600,0.236661,0.601368,B,0.021299,NB-Wait
3,400,0.000856,1440,36140,11558,52041600,0.236661,0.601368,B,0.021299,NB-Wait
3,400,0.000856,1440,36140,11558,52041600,0.236661,0.601368,B,0.021299,NB-Wait
9,800,0.00086,1440,72228,27607,104008320,0.256088,0.539514,B,0.051218,NB-No Block
?,800,0.00086,1440,72228,27607,104008320,0.256088,0.539514,B,0.051218,NB-No Block
?,800,0.00086,1440,72228,27607,104008320,0.256088,0.539514,B,0.051218,NB-No Block
?,800,0.00086,1440,72228,27607,104008320,0.256088,0.539514,B,0.051218,NB-No Block
?,800,0.00086,1440,72228,27607,104008320,0.256088,0.539514,B,0.051218,NB-No Block
?,1000,0.000861,1440,90324,19326,130066560,0.164752,0.790039,B,0.024713,NB-No Block
?,1000,0.000861,1440,90324,19326,130066560,0.164752,0.790039,B,0.024713,NB-No Block
?,1000,0.000861,1440,90324,19326,130066560,0.164752,0.790039,B,0.024713,NB-No Block
?,1000,0.000861,1440,90324,19326,130066560,0.164752,0.790039,B,0.024713,NB-No Block
?,1000,0.000861,1440,90324,19326,130066560,0.164752,0.790039,B,0.024713,NB-No Block
9,900,0.000862,1440,81276,37171,117037440,0.315567,0.496024,P NB,0.063113,NB-No Block
9,900,0.000862,1440,81276,37171,117037440,0.315567,0.496024,P NB,0.063113,NB-No Block
9,900,0.000862,1440,81276,37171,117037440,0.315567,0.496024,P NB,0.063113,NB-No Block
9,900,0.000862,1440,81276,37171,117037440,0.315567,0.496024,P NB,0.063113,NB-No Block
9,900,0.000862,1440,81276,37171,117037440,0.315567,0.496024,P NB,0.063113,NB-No Block
9,600,0.000863,1440,54184,18641,78024960,0.254583,0.632932,B,0.050917,NB-No Block
?,600,0.000863,1440,54184,18641,78024960,0.254583,0.632932,B,0.050917,NB-No Block
?,600,0.000863,1440,54184,18641,78024960,0.254583,0.632932,B,0.050917,NB-No Block
?,600,0.000863,1440,54184,18641,78024960,0.254583,0.632932,B,0.050917,NB-No Block
?,600,0.000863,1440,54184,18641,78024960,0.254583,0.632932,?,0.050917,NB-No Block
3,800,0.000865,1440,72228,28305,104008320,0.301751,0.537248,P NB,0.090525,NB-No Block
3,800,0.000865,1440,72228,28305,104008320,0.301751,0.537248,P NB,0.090525,NB-No Block
3,800,0.000865,1440,72228,28305,104008320,0.301751,0.537248,P NB,0.090525,NB-No Block
3,800,0.000865,1440,72228,28305,104008320,0.301751,0.537248,P NB,0.090525,NB-No Block
3,800,0.000865,1440,72228,28305,104008320,0.301751,0.537248,P NB,0.090525,NB-No Block
9,100,0.000866,1440,9048,4324,13029120,0.396653,0.451733,P NB,0.126929,NB-No Block
9,100,0.000866,1440,9048,4324,13029120,0.396653,0.451733,P NB,0.079331,NB-No Block
9,100,0.000866,1440,9048,4324,13029120,0.396653,0.451733,P NB,0.126929,NB-No Block
9,100,0.000866,1440,9048,4324,13029120,0.396653,0.451733,P NB,0.079331,NB-No Block
9,100,0.000866,1440,9048,4324,13029120,0.396653,0.451733,P NB,0.126929,NB-No Block
9,100,0.000866,1440,9048,4324,13029120,0.396653,0.451733,P NB,0.079331,NB-No Block
9,100,0.000866,1440,9048,4324,13029120,0.396653,0.451733,P NB,0.126929,NB-No Block
9,100,0.000866,1440,9048,4324,13029120,0.396653,0.451733,P NB,0.079331,NB-No Block
9,100,0.000866,1440,9048,4324,13029120,0.396653,0.451733,P NB,0.126929,NB-No Block
9,100,0.000866,1440,9048,4324,13029120,0.396653,0.451733,P NB,0.079331,NB-No Block
9,600,0.000888,1440,54184,9398,78024960,0.145695,0.822777,B,0.008742,NB-No Block
?,600,0.000888,1440,54184,9398,78024960,0.145695,0.822777,B,0.008742,NB-No Block
?,600,0.000888,1440,54184,9398,78024960,0.145695,0.822777,B,0.008742,NB-No Block
?,600,0.000888,1440,54184,9398,78024960,0.145695,0.822777,B,0.008742,NB-No Block
?,600,0.000888,1440,54184,9398,78024960,0.145695,0.822777,?,0.008742,NB-No Block
9,900,0.000907,1440,81276,41242,117037440,0.365351,0.440055,P NB,0.076724,NB-No Block
9,900,0.000907,1440,81276,41242,117037440,0.365351,0.440055,P NB,0.076724,NB-No Block
9,900,0.000907,1440,81276,41242,117037440,0.365351,0.440055,P NB,0.076724,NB-No Block
9,900,0.000907,1440,81276,41242,117037440,0.365351,0.440055,P NB,0.076724,NB-No Block
9,900,0.000907,1440,81276,41242,117037440,0.365351,0.440055,P NB,0.076724,NB-No Block
3,1000,0.000907,1440,90324,31991,130066560,0.25501,0.557303,B,0.043352,NB-No Block
3,1000,0.000907,1440,90324,31991,130066560,0.25501,0.557303,B,0.043352,NB-No Block
3,1000,0.000907,1440,90324,31991,130066560,0.25501,0.557303,B,0.043352,NB-No Block
3,1000,0.000907,1440,90324,31991,130066560,0.25501,0.557303,B,0.043352,NB-No Block
3,1000,0.000907,1440,90324,31991,130066560,0.25501,0.557303,?,0.043352,NB-No Block
9,800,0.000908,1440,72228,31635,104008320,0.310972,0.502215,P NB,0.080853,NB-No Block
9,800,0.000908,1440,72228,31635,104008320,0.310972,0.502215,P NB,0.080853,NB-No Block
9,800,0.000908,1440,72228,31635,104008320,0.310972,0.502215,P NB,0.080853,NB-No Block
9,800,0.000908,1440,72228,31635,104008320,0.310972,0.502215,P NB,0.080853,NB-No Block
9,800,0.000908,1440,72228,31635,104008320,0.310972,0.502215,P NB,0.080853,NB-No Block
9,100,0.000912,1440,9048,4483,13029120,0.366647,0.451935,?,0.076996,NB-Wait
9,100,0.000912,1440,9048,4483,13029120,0.366647,0.451935,P NB,0.076996,NB-Wait
9,100,0.000912,1440,9048,4483,13029120,0.366647,0.451935,P NB,0.076996,NB-Wait
9,100,0.000912,1440,9048,4483,13029120,0.366647,0.451935,P NB,0.076996,NB-Wait
9,100,0.000912,1440,9048,4483,13029120,0.366647,0.451935,P NB,0.076996,NB-Wait
9,700,0.000916,1440,63284,21751,91128960,0.26809,0.56707,B,0.042894,NB-No Block
?,700,0.000916,1440,63284,21751,91128960,0.26809,0.56707,B,0.042894,NB-No Block
?,700,0.000916,1440,63284,21751,91128960,0.26809,0.56707,B,0.042894,NB-No Block
?,700,0.000916,1440,63284,21751,91128960,0.26809,0.56707,B,0.042894,NB-No Block
?,700,0.000916,1440,63284,21751,91128960,0.26809,0.56707,?,0.042894,NB-No Block
9,600,0.000925,1440,54184,13810,78024960,0.170764,0.734102,B,0.010246,NB-No Block
?,600,0.000925,1440,54184,13810,78024960,0.170764,0.734102,B,0.010246,NB-No Block
?,600,0.000925,1440,54184,13810,78024960,0.170764,0.734102,B,0.010246,NB-No Block
?,600,0.000925,1440,54184,13810,78024960,0.170764,0.734102,B,0.010246,NB-No Block
?,600,0.000925,1440,54184,13810,78024960,0.170764,0.734102,?,0.010246,NB-No Block
9,800,0.000931,1440,72228,33537,104008320,0.362171,0.46781,P NB,0.108651,NB-No Block
9,800,0.000931,1440,72228,33537,104008320,0.362171,0.46781,P NB,0.108651,NB-No Block
9,800,0.000931,1440,72228,33537,104008320,0.362171,0.46781,P NB,0.108651,NB-No Block
9,800,0.000931,1440,72228,33537,104008320,0.362171,0.46781,P NB,0.108651,NB-No Block
9,800,0.000931,1440,72228,33537,104008320,0.362171,0.46781,P NB,0.108651,NB-No Block
9,600,0.000938,1440,54184,15286,78024960,0.211585,0.700092,B,0.031738,NB-No Block
?,600,0.000938,1440,54184,15286,78024960,0.211585,0.700092,B,0.031738,NB-No Block
?,600,0.000938,1440,54184,15286,78024960,0.211585,0.700092,B,0.031738,NB-No Block
?,600,0.000938,1440,54184,15286,78024960,0.211585,0.700092,B,0.031738,NB-No Block
?,600,0.000938,1440,54184,15286,78024960,0.211585,0.700092,?,0.031738,NB-No Block
9,500,0.000953,1440,45188,6352,65070720,0.108238,0.829051,B,?,No Block
?,500,0.000953,1440,45188,6352,65070720,0.091369,0.837778,B,?,No Block
?,500,0.000953,1440,45188,6352,65070720,0.108238,0.829051,B,?,No Block
?,500,0.000953,1440,45188,6352,65070720,0.091369,0.837778,B,?,No Block
?,500,0.000953,1440,45188,6352,65070720,0.108238,0.829051,B,?,No Block
?,500,0.000953,1440,45188,6352,65070720,0.091369,0.837778,B,?,No Block
?,500,0.000953,1440,45188,6352,65070720,0.108238,0.829051,B,?,No Block
?,500,0.000953,1440,45188,6352,65070720,0.091369,0.837778,B,?,No Block
?,500,0.000953,1440,45188,6352,65070720,0.108238,0.829051,?,?,No Block
?,500,0.000953,1440,45188,6352,65070720,0.091369,0.837778,B,?,No Block
3,900,0.000956,1440,81276,53583,117037440,0.487861,0.30784,NB,0.356139,Block
3,900,0.000956,1440,81276,53583,117037440,0.487861,0.30784,NB,0.356139,Block
3,900,0.000956,1440,81276,53583,117037440,0.487861,0.30784,NB,0.356139,Block
3,900,0.000956,1440,81276,53583,117037440,0.487861,0.30784,NB,0.356139,Block
3,900,0.000956,1440,81276,53583,117037440,0.487861,0.30784,NB,0.356139,Block
9,700,0.000957,1440,63284,25868,91128960,0.30657,0.576998,P NB,0.076643,NB-No Block
9,700,0.000957,1440,63284,25868,91128960,0.30657,0.576998,P NB,0.076643,NB-No Block
9,700,0.000957,1440,63284,25868,91128960,0.30657,0.576998,P NB,0.076643,NB-No Block
9,700,0.000957,1440,63284,25868,91128960,0.30657,0.576998,P NB,0.076643,NB-No Block
9,700,0.000957,1440,63284,25868,91128960,0.30657,0.576998,P NB,0.076643,NB-No Block
9,500,0.000961,1440,45188,6849,65070720,0.121253,0.818449,B,?,No Block
?,500,0.000961,1440,45188,6849,65070720,0.103065,0.85291,B,?,No Block
?,500,0.000961,1440,45188,6849,65070720,0.121253,0.818449,B,?,No Block
?,500,0.000961,1440,45188,6849,65070720,0.103065,0.85291,B,?,No Block
?,500,0.000961,1440,45188,6849,65070720,0.121253,0.818449,B,?,No Block
?,500,0.000961,1440,45188,6849,65070720,0.103065,0.85291,B,?,No Block
?,500,0.000961,1440,45188,6849,65070720,0.121253,0.818449,B,?,No Block
?,500,0.000961,1440,45188,6849,65070720,0.103065,0.85291,B,?,No Block
?,500,0.000961,1440,45188,6849,65070720,0.121253,0.818449,?,?,No Block
?,500,0.000961,1440,45188,6849,65070720,0.103065,0.85291,B,?,No Block
?,400,0.000989,1440,36140,8946,52041600,0.160899,0.726323,B,0.008045,NB-Wait
3,400,0.000989,1440,36140,8946,52041600,0.160899,0.726323,B,0.008045,NB-Wait
3,400,0.000989,1440,36140,8946,52041600,0.160899,0.726323,B,0.008045,NB-Wait
3,400,0.000989,1440,36140,8946,52041600,0.160899,0.726323,B,0.008045,NB-Wait
3,400,0.000989,1440,36140,8946,52041600,0.160899,0.726323,B,0.008045,NB-Wait
9,500,0.001009,1440,45188,9801,65070720,0.180022,0.779093,B,0.027003,NB-No Block
?,500,0.001009,1440,45188,9801,65070720,0.180022,0.779093,B,0.027003,NB-No Block
?,500,0.001009,1440,45188,9801,65070720,0.180022,0.779093,B,0.027003,NB-No Block
?,500,0.001009,1440,45188,9801,65070720,0.180022,0.779093,B,0.027003,NB-No Block
?,500,0.001009,1440,45188,9801,65070720,0.180022,0.779093,?,0.027003,NB-No Block
3,200,0.001019,1440,18096,8317,26058240,0.326319,0.489211,P NB,0.088106,NB-No Block
3,200,0.001019,1440,18096,8317,26058240,0.326319,0.489211,P NB,0.088106,NB-No Block
3,200,0.001019,1440,18096,8317,26058240,0.326319,0.489211,P NB,0.088106,NB-No Block
3,200,0.001019,1440,18096,8317,26058240,0.326319,0.489211,P NB,0.088106,NB-No Block
3,200,0.001019,1440,18096,8317,26058240,0.326319,0.489211,P NB,0.088106,NB-No Block
9,500,0.001028,1440,45188,11376,65070720,0.203916,0.729259,B,0.012235,NB-No Block
?,500,0.001028,1440,45188,11376,65070720,0.203916,0.729259,B,0.012235,NB-No Block
?,500,0.001028,1440,45188,11376,65070720,0.203916,0.729259,B,0.012235,NB-No Block
?,500,0.001028,1440,45188,11376,65070720,0.203916,0.729259,B,0.012235,NB-No Block
?,500,0.001028,1440,45188,11376,65070720,0.203916,0.729259,?,0.012235,NB-No Block
9,1000,0.001037,1440,90324,54879,130066560,0.394927,0.350648,P NB,0.086884,NB-No Block
9,1000,0.001037,1440,90324,54879,130066560,0.394927,0.350648,P NB,0.086884,NB-No Block
9,1000,0.001037,1440,90324,54879,130066560,0.394927,0.350648,P NB,0.086884,NB-No Block
9,1000,0.001037,1440,90324,54879,130066560,0.394927,0.350648,P NB,0.086884,NB-No Block
9,1000,0.001037,1440,90324,54879,130066560,0.394927,0.350648,P NB,0.086884,NB-No Block
?,600,0.001081,1440,54184,38826,78024960,0.530253,0.253308,?,0.477228,Block
?,600,0.001081,1440,54184,38826,78024960,0.530253,0.253308,NB,0.477228,Block
?,600,0.001081,1440,54184,38826,78024960,0.530253,0.253308,NB,0.477228,Block
?,600,0.001081,1440,54184,38826,78024960,0.530253,0.253308,NB,0.477228,Block
9,600,0.001081,1440,54184,38826,78024960,0.530253,0.253308,NB,0.477228,Block
?,700,0.001087,1440,63284,33333,91128960,0.421377,0.413703,NB,0.252826,NB-No Block
?,700,0.001087,1440,63284,33333,91128960,0.421377,0.413703,NB,0.252826,NB-No Block
?,700,0.001087,1440,63284,33333,91128960,0.421377,0.413703,NB,0.252826,NB-No Block
9,700,0.001087,1440,63284,33333,91128960,0.421377,0.413703,NB,0.252826,NB-No Block
9,700,0.001087,1440,63284,33333,91128960,0.421377,0.413703,NB,0.252826,NB-No Block
?,800,0.001094,1440,72228,42797,104008320,0.444395,0.35996,NB,0.439951,Block
?,800,0.001094,1440,72228,42797,104008320,0.444395,0.35996,NB,0.439951,Block
?,800,0.001094,1440,72228,42797,104008320,0.444395,0.35996,NB,0.439951,Block
9,800,0.001094,1440,72228,42797,104008320,0.444395,0.35996,NB,0.439951,Block
9,800,0.001094,1440,72228,42797,104008320,0.444395,0.35996,NB,0.439951,Block
9,500,0.001122,1440,45188,23490,65070720,0.353483,0.414075,P NB,0.141393,NB-Wait
9,500,0.001122,1440,45188,23490,65070720,0.353483,0.414075,P NB,0.141393,NB-Wait
9,500,0.001122,1440,45188,23490,65070720,0.353483,0.414075,P NB,0.141393,NB-Wait
9,500,0.001122,1440,45188,23490,65070720,0.353483,0.414075,P NB,0.141393,NB-Wait
9,500,0.001122,1440,45188,23490,65070720,0.353483,0.414075,P NB,0.141393,NB-Wait
9,400,0.001155,1440,36140,7792,52041600,0.166017,0.789036,B,0.006641,NB-No Block
?,400,0.001155,1440,36140,7792,52041600,0.166017,0.789036,B,0.006641,NB-No Block
?,400,0.001155,1440,36140,7792,52041600,0.166017,0.789036,B,0.006641,NB-No Block
?,400,0.001155,1440,36140,7792,52041600,0.166017,0.789036,B,0.006641,NB-No Block
?,400,0.001155,1440,36140,7792,52041600,0.166017,0.789036,B,0.006641,NB-No Block
9,700,0.001191,1440,63284,37341,91128960,0.395336,0.358238,P NB,0.134414,NB-Wait
9,700,0.001191,1440,63284,37341,91128960,0.395336,0.358238,P NB,0.134414,NB-Wait
9,700,0.001191,1440,63284,37341,91128960,0.395336,0.358238,P NB,0.134414,NB-Wait
9,700,0.001191,1440,63284,37341,91128960,0.395336,0.358238,P NB,0.134414,NB-Wait
9,700,0.001191,1440,63284,37341,91128960,0.395336,0.358238,P NB,0.134414,NB-Wait
?,500,0.001211,1440,45188,25609,65070720,0.408039,0.373875,?,0.2081,NB-No Block
?,500,0.001211,1440,45188,25609,65070720,0.408039,0.373875,NB,0.2081,NB-No Block
?,500,0.001211,1440,45188,25609,65070720,0.408039,0.373875,NB,0.2081,NB-No Block
?,500,0.001211,1440,45188,25609,65070720,0.408039,0.373875,NB,0.2081,NB-No Block
9,500,0.001211,1440,45188,25609,65070720,0.408039,0.373875,NB,0.2081,NB-No Block
3,200,0.001223,1440,18096,11641,26058240,0.495334,0.31197,?,0.386361,Block
3,200,0.001223,1440,18096,11641,26058240,0.495334,0.31197,?,0.386361,Block
3,200,0.001223,1440,18096,11641,26058240,0.495334,0.31197,NB,0.386361,Block
3,200,0.001223,1440,18096,11641,26058240,0.495334,0.31197,NB,0.386361,Block
3,200,0.001223,1440,18096,11641,26058240,0.495334,0.31197,NB,0.386361,Block
9,300,0.001236,1440,27092,13252,39012480,0.371753,0.451465,?,0.115243,NB-Wait
9,300,0.001236,1440,27092,13252,39012480,0.371753,0.451465,P NB,0.115243,NB-Wait
9,300,0.001236,1440,27092,13252,39012480,0.371753,0.451465,P NB,0.115243,NB-Wait
9,300,0.001236,1440,27092,13252,39012480,0.371753,0.451465,P NB,0.115243,NB-Wait
9,300,0.001236,1440,27092,13252,39012480,0.371753,0.451465,P NB,0.115243,NB-Wait
?,500,0.001247,1440,45188,32871,65070720,0.480102,0.249136,?,0.307265,NB-Wait
?,500,0.001247,1440,45188,32871,65070720,0.480102,0.249136,NB,0.307265,NB-Wait
?,500,0.001247,1440,45188,32871,65070720,0.480102,0.249136,NB,0.307265,NB-Wait
?,500,0.001247,1440,45188,32871,65070720,0.480102,0.249136,NB,0.307265,NB-Wait
9,500,0.001247,1440,45188,32871,65070720,0.480102,0.249136,NB,0.307265,NB-Wait
9,500,0.001253,1440,45188,20776,65070720,0.390803,0.471714,P NB,0.132873,NB-No Block
9,500,0.001253,1440,45188,20776,65070720,0.390803,0.471714,P NB,0.132873,NB-No Block
9,500,0.001253,1440,45188,20776,65070720,0.390803,0.471714,P NB,0.132873,NB-No Block
9,500,0.001253,1440,45188,20776,65070720,0.390803,0.471714,P NB,0.132873,NB-No Block
9,500,0.001253,1440,45188,20776,65070720,0.390803,0.471714,P NB,0.132873,NB-No Block
9,300,0.001276,1440,27092,14590,39012480,0.350048,0.4125,?,0.136519,NB-Wait
9,300,0.001276,1440,27092,14590,39012480,0.350048,0.4125,P NB,0.136519,NB-Wait
9,300,0.001276,1440,27092,14590,39012480,0.350048,0.4125,P NB,0.136519,NB-Wait
9,300,0.001276,1440,27092,14590,39012480,0.350048,0.4125,P NB,0.136519,NB-Wait
9,300,0.001276,1440,27092,14590,39012480,0.350048,0.4125,P NB,0.136519,NB-Wait
9,500,0.001291,1440,45188,21026,65070720,0.339669,0.471953,P NB,0.112091,NB-Wait
9,500,0.001291,1440,45188,21026,65070720,0.339669,0.471953,P NB,0.112091,NB-Wait
9,500,0.001291,1440,45188,21026,65070720,0.339669,0.471953,P NB,0.112091,NB-Wait
9,500,0.001291,1440,45188,21026,65070720,0.339669,0.471953,P NB,0.112091,NB-Wait
9,500,0.001291,1440,45188,21026,65070720,0.339669,0.471953,P NB,0.112091,NB-Wait
?,200,0.001331,1440,18096,6014,26058240,0.219344,0.597614,B,0.021934,NB-No Block
3,200,0.001331,1440,18096,6014,26058240,0.219344,0.597614,B,0.021934,NB-No Block
3,200,0.001331,1440,18096,6014,26058240,0.219344,0.597614,B,0.021934,NB-No Block
3,200,0.001331,1440,18096,6014,26058240,0.219344,0.597614,B,0.021934,NB-No Block
3,200,0.001331,1440,18096,6014,26058240,0.219344,0.597614,B,0.021934,NB-No Block
9,400,0.001348,1440,36140,13519,52041600,0.265592,0.623188,B,0.039839,NB-No Block
?,400,0.001348,1440,36140,13519,52041600,0.265592,0.623188,B,0.039839,NB-No Block
?,400,0.001348,1440,36140,13519,52041600,0.265592,0.623188,B,0.039839,NB-No Block
?,400,0.001348,1440,36140,13519,52041600,0.265592,0.623188,B,0.039839,NB-No Block
?,400,0.001348,1440,36140,13519,52041600,0.265592,0.623188,B,0.039839,NB-No Block
9,300,0.00141,1440,27092,5162,39012480,0.16005,0.781114,B,0.024008,NB-No Block
?,300,0.00141,1440,27092,5162,39012480,0.16005,0.781114,B,0.024008,NB-No Block
?,300,0.00141,1440,27092,5162,39012480,0.16005,0.781114,B,0.024008,NB-No Block
?,300,0.00141,1440,27092,5162,39012480,0.16005,0.781114,B,0.024008,NB-No Block
?,300,0.00141,1440,27092,5162,39012480,0.16005,0.781114,B,0.024008,NB-No Block
?,900,0.00147,1440,81276,62415,117037440,0.62971,0.207361,NB,0.566739,Block
?,900,0.00147,1440,81276,62415,117037440,0.62971,0.207361,NB,0.566739,Block
?,900,0.00147,1440,81276,62415,117037440,0.62971,0.207361,NB,0.566739,Block
9,900,0.00147,1440,81276,62415,117037440,0.62971,0.207361,NB,0.566739,Block
9,900,0.00147,1440,81276,62415,117037440,0.62971,0.207361,NB,0.566739,Block
9,400,0.001486,1440,36140,16102,52041600,0.29406,0.507085,?,0.117624,NB-Wait
9,400,0.001486,1440,36140,16102,52041600,0.29406,0.507085,P NB,0.117624,NB-Wait
9,400,0.001486,1440,36140,16102,52041600,0.29406,0.507085,P NB,0.117624,NB-Wait
9,400,0.001486,1440,36140,16102,52041600,0.29406,0.507085,P NB,0.117624,NB-Wait
9,400,0.001486,1440,36140,16102,52041600,0.29406,0.507085,P NB,0.117624,NB-Wait
9,400,0.00152,1440,36140,17512,52041600,0.387648,0.466057,P NB,0.120171,NB-Wait
9,400,0.00152,1440,36140,17512,52041600,0.387648,0.466057,P NB,0.120171,NB-Wait
9,400,0.00152,1440,36140,17512,52041600,0.387648,0.466057,P NB,0.120171,NB-Wait
9,400,0.00152,1440,36140,17512,52041600,0.387648,0.466057,P NB,0.120171,NB-Wait
9,400,0.00152,1440,36140,17512,52041600,0.387648,0.466057,P NB,0.120171,NB-Wait
9,400,0.001533,1440,36140,16912,52041600,0.350968,0.470265,P NB,0.094761,NB-No Block
9,400,0.001533,1440,36140,16912,52041600,0.350968,0.470265,P NB,0.094761,NB-No Block
9,400,0.001533,1440,36140,16912,52041600,0.350968,0.470265,P NB,0.094761,NB-No Block
9,400,0.001533,1440,36140,16912,52041600,0.350968,0.470265,P NB,0.094761,NB-No Block
9,400,0.001533,1440,36140,16912,52041600,0.350968,0.470265,P NB,0.094761,NB-No Block
9,300,0.001577,1440,27092,8771,39012480,0.223387,0.666281,B,0.004468,NB-No Block
?,300,0.001577,1440,27092,8771,39012480,0.223387,0.666281,B,0.004468,NB-No Block
?,300,0.001577,1440,27092,8771,39012480,0.223387,0.666281,B,0.004468,NB-No Block
?,300,0.001577,1440,27092,8771,39012480,0.223387,0.666281,B,0.004468,NB-No Block
?,300,0.001577,1440,27092,8771,39012480,0.223387,0.666281,B,0.004468,NB-No Block
3,300,0.001668,1440,27092,14601,39012480,0.377259,0.398055,P NB,0.08677,NB-Wait
3,300,0.001668,1440,27092,14601,39012480,0.377259,0.398055,P NB,0.08677,NB-Wait
3,300,0.001668,1440,27092,14601,39012480,0.377259,0.398055,P NB,0.08677,NB-Wait
3,300,0.001668,1440,27092,14601,39012480,0.377259,0.398055,P NB,0.08677,NB-Wait
3,300,0.001668,1440,27092,14601,39012480,0.377259,0.398055,P NB,0.08677,NB-Wait
?,400,0.001764,1440,36140,20821,52041600,0.472419,0.370311,?,0.448798,Block
?,400,0.001764,1440,36140,20821,52041600,0.472419,0.370311,?,0.448798,Block
?,400,0.001764,1440,36140,20821,52041600,0.472419,0.370311,NB,0.448798,Block
?,400,0.001764,1440,36140,20821,52041600,0.472419,0.370311,NB,0.448798,Block
9,400,0.001764,1440,36140,20821,52041600,0.472419,0.370311,NB,0.448798,Block
9,300,0.001833,1440,27092,12272,39012480,0.330672,0.47226,?,0.085975,NB-Wait
9,300,0.001833,1440,27092,12272,39012480,0.330672,0.47226,P NB,0.085975,NB-Wait
9,300,0.001833,1440,27092,12272,39012480,0.330672,0.47226,P NB,0.085975,NB-Wait
9,300,0.001833,1440,27092,12272,39012480,0.330672,0.47226,P NB,0.085975,NB-Wait
9,300,0.001833,1440,27092,12272,39012480,0.330672,0.47226,P NB,0.085975,NB-Wait
3,200,0.001881,1440,18096,11035,26058240,0.400528,0.418686,NB,0.248327,NB-Wait
3,200,0.001881,1440,18096,11035,26058240,0.400528,0.418686,NB,0.248327,NB-Wait
3,200,0.001881,1440,18096,11035,26058240,0.400528,0.418686,NB,0.248327,NB-Wait
3,200,0.001881,1440,18096,11035,26058240,0.400528,0.418686,NB,0.248327,NB-Wait
3,200,0.001881,1440,18096,11035,26058240,0.400528,0.418686,NB,0.248327,NB-Wait
9,300,0.001911,1440,27092,12484,39012480,0.354816,0.492885,?,0.102897,NB-Wait
9,300,0.001911,1440,27092,12484,39012480,0.354816,0.492885,P NB,0.102897,NB-Wait
9,300,0.001911,1440,27092,12484,39012480,0.354816,0.492885,P NB,0.102897,NB-Wait
9,300,0.001911,1440,27092,12484,39012480,0.354816,0.492885,P NB,0.102897,NB-Wait
9,300,0.001911,1440,27092,12484,39012480,0.354816,0.492885,P NB,0.102897,NB-Wait
3,400,0.002031,1440,36140,26634,52041600,0.508507,0.240443,NB,0.472912,Block
3,400,0.002031,1440,36140,26634,52041600,0.508507,0.240443,NB,0.472912,Block
3,400,0.002031,1440,36140,26634,52041600,0.508507,0.240443,NB,0.472912,Block
3,400,0.002031,1440,36140,26634,52041600,0.508507,0.240443,NB,0.472912,Block
3,400,0.002031,1440,36140,26634,52041600,0.508507,0.240443,NB,0.472912,Block
9,200,0.002066,1440,18096,5314,26058240,0.220242,0.703781,?,0.004405,NB-No Block
?,200,0.002066,1440,18096,5314,26058240,0.220242,0.703781,B,0.004405,NB-No Block
?,200,0.002066,1440,18096,5314,26058240,0.220242,0.703781,B,0.004405,NB-No Block
?,200,0.002066,1440,18096,5314,26058240,0.220242,0.703781,B,0.004405,NB-No Block
?,200,0.002066,1440,18096,5314,26058240,0.220242,0.703781,B,0.004405,NB-No Block
3,300,0.002168,1440,27092,18310,39012480,0.47985,0.286415,NB,0.407873,Block
3,300,0.002168,1440,27092,18310,39012480,0.47985,0.286415,NB,0.407873,Block
3,300,0.002168,1440,27092,18310,39012480,0.47985,0.286415,NB,0.407873,Block
3,300,0.002168,1440,27092,18310,39012480,0.47985,0.286415,NB,0.407873,Block
3,300,0.002168,1440,27092,18310,39012480,0.47985,0.286415,NB,0.407873,Block
3,200,0.002765,1440,18096,11535,26058240,0.503573,0.324423,NB,0.332358,NB-No Block
3,200,0.002765,1440,18096,11535,26058240,0.503573,0.324423,NB,0.332358,NB-No Block
3,200,0.002765,1440,18096,11535,26058240,0.503573,0.324423,NB,0.332358,NB-No Block
3,200,0.002765,1440,18096,11535,26058240,0.503573,0.324423,NB,0.332358,NB-No Block
3,200,0.002765,1440,18096,11535,26058240,0.503573,0.324423,NB,0.332358,NB-No Block
?,100,0.003098,1440,9048,4471,13029120,0.405197,0.442631,NB,0.291742,NB-No Block
?,100,0.003098,1440,9048,4471,13029120,0.405197,0.442631,NB,0.291742,NB-No Block
?,100,0.003098,1440,9048,4471,13029120,0.405197,0.442631,NB,0.291742,NB-No Block
?,100,0.003098,1440,9048,4471,13029120,0.405197,0.442631,NB,0.291742,NB-No Block
9,100,0.003098,1440,9048,4471,13029120,0.405197,0.442631,NB,0.291742,NB-No Block
3,100,0.00327,1440,9048,5363,13029120,0.403055,0.364617,NB,0.342597,NB-Wait
3,100,0.00327,1440,9048,5363,13029120,0.403055,0.364617,NB,0.342597,NB-Wait
3,100,0.00327,1440,9048,5363,13029120,0.403055,0.364617,NB,0.342597,NB-Wait
3,100,0.00327,1440,9048,5363,13029120,0.403055,0.364617,NB,0.342597,NB-Wait
3,100,0.00327,1440,9048,5363,13029120,0.403055,0.364617,NB,0.342597,NB-Wait
?,300,0.003407,1440,27092,20278,39012480,0.494001,0.227284,NB,0.296401,NB-Wait
?,300,0.003407,1440,27092,20278,39012480,0.494001,0.227284,NB,0.296401,NB-Wait
?,300,0.003407,1440,27092,20278,39012480,0.494001,0.227284,NB,0.296401,NB-Wait
?,300,0.003407,1440,27092,20278,39012480,0.494001,0.227284,NB,0.296401,NB-Wait
9,300,0.003407,1440,27092,20278,39012480,0.494001,0.227284,NB,0.296401,NB-Wait
3,200,0.003519,1440,18096,?,26058240,0.506316,0.247451,NB,0.253158,NB-No Block
3,200,0.003519,1440,18096,?,26058240,0.58588,0.253074,NB,0.497998,Block
3,200,0.003519,1440,18096,?,26058240,0.506316,0.247451,NB,0.253158,NB-No Block
3,200,0.003519,1440,18096,?,26058240,0.58588,0.253074,NB,0.497998,Block
3,200,0.003519,1440,18096,?,26058240,0.506316,0.247451,NB,0.253158,NB-No Block
3,200,0.003519,1440,18096,?,26058240,0.58588,0.253074,NB,0.497998,Block
3,200,0.003519,1440,18096,?,26058240,0.506316,0.247451,NB,0.253158,NB-No Block
3,200,0.003519,1440,18096,?,26058240,0.58588,0.253074,NB,0.497998,Block
3,200,0.003519,1440,18096,?,26058240,0.506316,0.247451,NB,0.253158,NB-No Block
3,200,0.003519,1440,18096,?,26058240,0.58588,0.253074,NB,0.497998,Block
9,100,0.004078,1440,9048,4255,13029120,0.352702,0.463433,P NB,0.102284,NB-No Block
9,100,0.004078,1440,9048,4255,13029120,0.352702,0.463433,P NB,0.102284,NB-No Block
9,100,0.004078,1440,9048,4255,13029120,0.352702,0.463433,P NB,0.102284,NB-No Block
9,100,0.004078,1440,9048,4255,13029120,0.352702,0.463433,P NB,0.102284,NB-No Block
9,100,0.004078,1440,9048,4255,13029120,0.352702,0.463433,P NB,0.102284,NB-No Block
9,100,0.004677,1440,9048,4018,13029120,0.359702,0.508883,P NB,0.122299,NB-No Block
9,100,0.004677,1440,9048,4018,13029120,0.359702,0.508883,P NB,0.122299,NB-No Block
9,100,0.004677,1440,9048,4018,13029120,0.359702,0.508883,P NB,0.122299,NB-No Block
9,100,0.004677,1440,9048,4018,13029120,0.359702,0.508883,P NB,0.122299,NB-No Block
9,100,0.004677,1440,9048,4018,13029120,0.359702,0.508883,P NB,0.122299,NB-No Block
3,1000,0.004815,1440,90324,17196,130066560,0.146594,0.780936,B,0.023455,NB-No Block
3,1000,0.004815,1440,90324,17196,130066560,0.146594,0.780936,B,0.023455,NB-No Block
3,1000,0.004815,1440,90324,17196,130066560,0.146594,0.780936,B,0.023455,NB-No Block
3,1000,0.004815,1440,90324,17196,130066560,0.146594,0.780936,B,0.023455,NB-No Block
3,1000,0.004815,1440,90324,17196,130066560,0.146594,0.780936,B,0.023455,NB-No Block
?,100,0.004815,1440,9048,6598,13029120,0.517669,0.242451,NB,0.460725,Block
?,100,0.004815,1440,9048,6598,13029120,0.517669,0.242451,NB,0.460725,Block
?,100,0.004815,1440,9048,6598,13029120,0.517669,0.242451,NB,0.460725,Block
?,100,0.004815,1440,9048,6598,13029120,0.517669,0.242451,NB,0.460725,Block
9,100,0.004815,1440,9048,6598,13029120,0.517669,0.242451,NB,0.460725,Block
9,100,0.004838,1440,9048,3913,13029120,0.315704,0.496424,P NB,0.123125,NB-Wait
9,100,0.004838,1440,9048,3913,13029120,0.315704,0.496424,P NB,0.123125,NB-Wait
9,100,0.004838,1440,9048,3913,13029120,0.315704,0.496424,P NB,0.123125,NB-Wait
9,100,0.004838,1440,9048,3913,13029120,0.315704,0.496424,P NB,0.123125,NB-Wait
9,100,0.004838,1440,9048,3913,13029120,0.315704,0.496424,P NB,0.123125,NB-Wait
9,100,0.005004,1440,9048,4144,13029120,0.325181,0.4851,P NB,0.120317,NB-No Block
9,100,0.005004,1440,9048,4144,13029120,0.316021,0.4851,P NB,0.110607,NB-No Block
9,100,0.005004,1440,9048,4144,13029120,0.325181,0.4851,P NB,0.120317,NB-No Block
9,100,0.005004,1440,9048,4144,13029120,0.316021,0.4851,P NB,0.110607,NB-No Block
9,100,0.005004,1440,9048,4144,13029120,0.325181,0.4851,P NB,0.120317,NB-No Block
9,100,0.005004,1440,9048,4144,13029120,0.316021,0.4851,P NB,0.110607,NB-No Block
9,100,0.005004,1440,9048,4144,13029120,0.325181,0.4851,P NB,0.120317,NB-No Block
9,100,0.005004,1440,9048,4144,13029120,0.316021,0.4851,P NB,0.110607,NB-No Block
9,100,0.005004,1440,9048,4144,13029120,0.325181,0.4851,P NB,0.120317,NB-No Block
9,100,0.005004,1440,9048,4144,13029120,0.316021,0.4851,P NB,0.110607,NB-No Block
?,200,0.005005,1440,18096,13652,26058240,0.633714,0.224573,NB,0.468948,Block
?,200,0.005005,1440,18096,13652,26058240,0.633714,0.224573,NB,0.468948,Block
?,200,0.005005,1440,18096,13652,26058240,0.633714,0.224573,NB,0.468948,Block
?,200,0.005005,1440,18096,13652,26058240,0.633714,0.224573,NB,0.468948,Block
9,200,0.005005,1440,18096,13652,26058240,0.633714,0.224573,NB,0.468948,Block
9,100,0.005237,1440,9048,4380,13029120,0.334019,0.456489,P NB,0.106886,NB-Wait
9,100,0.005237,1440,9048,4380,13029120,0.334019,0.456489,P NB,0.106886,NB-Wait
9,100,0.005237,1440,9048,4380,13029120,0.334019,0.456489,P NB,0.106886,NB-Wait
9,100,0.005237,1440,9048,4380,13029120,0.334019,0.456489,P NB,0.106886,NB-Wait
9,100,0.005237,1440,9048,4380,13029120,0.334019,0.456489,P NB,0.106886,NB-Wait
